0.0
-0.012050308478467166
-2.0456804130581596
0.0
-8.041593021879342
0.0
0.0
0.0
-8.0
-3.9999999999999996
-8.00541389269183
0.0
0.0
0.0
-4.004427365961789
0.0
-8.0
0.0
-8.0
-8.0
-8.0
0.0
0.0
0.0
-1.14498470358666
-8.053949570028655
-15.338360191738023
0.0
0.0
0.0
-12.027367414614753
-16.0
0.0
0.0
-12.783479202493284
0.0
0.0
-3.9999999999999996
0.0
-12.117579680740665
-12.0
0.0
-16.007389870666273
-12.0
-3.9999999999999996
0.0
-14.55253818190714
0.0
-8.0
0.0
-8.0
-6.523820920787818
-5.649922564291531
0.0
-3.9999999999999996
-8.0
-3.9999999999999996
-0.0073898706662729
-8.016330410222457
0.0
0.0
0.0
-8.0
-3.9999999999999996
0.0
0.0
-0.04261692251015546
-3.9999999999999996
0.0
-8.0
-0.02484828646039584
-8.0
-16.0
-8.0
0.0
0.0
0.0
-8.0
-2.84192950687445
-12.0
0.0
-0.9114348542866701
-0.010361177888839437
0.0
0.0
0.0
-8.240807635096376
-12.0
0.0
0.0
0.0
-3.9999999999999996
-12.0
0.0
0.0
0.0
0.0
-4.002949398285496
-3.9999999999999996
0.0
0.0
-12.0
0.0
0.0
0.0
0.0
0.0
-16.0
-12.0
-12.0
-2.1455804962971485
-3.8477149211805273
0.0
0.0
0.0
-8.0
-0.060707003230533574
0.0
0.0
-4.003441811507638
-0.12645228893278537
0.0
-8.0
0.0
0.0
0.0
-8.0
-0.05654318172229024
-0.9170859654780968
-8.029892904805928
0.0
-16.0
0.0
0.0
-8.024345221456066
0.0
0.0
0.0
-12.0
0.0
-3.9999999999999996
0.0
0.0
-0.009369760861407637
-0.0014736117743616064
-0.001965298657121901
0.0
0.0
-8.0
-0.04261692251015546
-12.0
0.0
-0.0278720026626469
-3.9999999999999996
0.0
0.0
0.0
0.0
-8.0
-4.001473611774362
0.0
0.0
0.0
-3.9999999999999996
0.0
-8.008379325768272
0.0
-3.9999999999999996
-8.0
0.0
0.0
0.0
0.0
0.0
-8.0
0.0
0.0
0.0
0.0
0.0
0.0
-16.015831611001563
0.0
-8.0
0.0
-8.0
0.0
-8.025351604666506
-8.0
-3.9999999999999996
0.0
-12.0
0.0
0.0
0.0
0.0
0.0
-10.162722734285177
-8.0
-0.025351604666506447
-8.039548360378221
0.0
-3.9999999999999996
0.0
-3.9999999999999996
0.0
0.0
0.0
0.0
0.0
0.0
-8.0
-0.020329786210864256
0.0
-3.9999999999999996
-0.021223504655456138
0.0
0.0
0.0
-12.065936279917773
0.0
-0.6548827855060946
0.0
0.0
-12.0
0.0
-12.0
-8.0
0.0
-8.0
-0.006895510006287906
-8.0
0.0
-0.026359001704497717
0.0
-12.0
0.0
0.0
0.0
-8.0
-8.0
0.0
0.0
0.0
-8.002457227414803
0.0
-0.015616099382386587
-0.7612784128394658
