0.0
0.0
0.0
-4.488
0.0
-7.088
0.0
-0.292
0.0
-8.0
0.0
0.0
-8.0
-0.016
0.0
0.0
-8.0
0.0
0.0
0.0
-16.0
0.0
-9.192
-8.0
0.0
0.0
0.0
0.0
0.0
0.0
0.0
-8.0
0.0
0.0
0.0
0.0
-24.0
-8.0
0.0
0.0
0.0
0.0
-17.98
-14.736
-8.0
0.0
0.0
-0.136
0.0
-8.0
0.0
-8.76
0.0
-7.428
0.0
0.0
0.0
0.0
-22.736
0.0
0.0
0.0
-8.0
0.0
-0.852
-16.0
0.0
-8.156
0.0
0.0
0.0
0.0
-0.552
0.0
-9.484
-16.0
0.0
0.0
0.0
-16.0
0.0
0.0
0.0
-8.0
-16.0
0.0
0.0
0.0
-14.8
0.0
-16.0
0.0
0.0
0.0
0.0
0.0
0.0
0.0
0.0
-8.0
-24.0
0.0
-16.168
-8.0
0.0
0.0
0.0
-8.0
0.0
0.0
-8.0
0.0
0.0
0.0
0.0
0.0
0.0
-8.0
0.0
0.0
0.0
0.0
-11.352
0.0
0.0
-0.148
0.0
0.0
-11.324
