0.0
0.0
-8.0
-0.9064588274576332
-8.009369760861407
0.0
0.0
0.0
0.0
-0.6242494921732685
-8.002457227414803
0.0
0.0
0.0
0.0
-12.029892904805928
-8.0
0.0
-8.0
-8.0
-8.0
0.0
0.0
0.0
0.0
0.0
-16.0
0.0
0.0
0.0
-12.0
-16.0
0.0
-8.0
0.0
0.0
0.0
-3.9999999999999996
0.0
0.0
-12.0
0.0
0.0
0.0
-3.9999999999999996
0.0
-13.192449567193803
-12.0
-8.0
0.0
-8.0
-0.1097759291388034
0.0
0.0
-3.9999999999999996
-8.0
-0.9674094994970306
-0.016829458368180922
0.0
0.0
0.0
0.0
-8.0
-3.9999999999999996
0.0
0.0
0.0
0.0
-16.04005913395202
0.0
0.0
-8.0
-0.6226859270797904
0.0
0.0
0.0
-12.007389870666271
-8.0
0.0
-12.0
0.0
-4.033947002651095
-0.015333060457299232
-0.00393446732002061
0.0
0.0
0.0
0.0
0.0
0.0
0.0
-3.9999999999999996
-3.540372593226786
0.0
0.0
-0.8155537293982044
0.0
-3.9999999999999996
-3.9999999999999996
0.0
0.0
-12.005907521260166
0.0
0.0
0.0
0.0
0.0
0.0
-12.0
-12.0
-16.22102110647522
-8.0
0.0
0.0
0.0
-8.0
-0.012346965548180926
0.0
0.0
-3.9999999999999996
0.0
0.0
-8.004920507672441
0.0
0.0
0.0
-8.0
-0.03547153671898873
-1.6864539010082178
0.0
0.0
-8.0
-3.9999999999999996
-3.9999999999999996
0.0
0.0
0.0
0.0
-12.0
0.0
-3.9999999999999996
0.0
0.0
-1.0245440047605705
-3.9999999999999996
0.0
0.0
0.0
0.0
0.0
0.0
0.0
-0.02484828646039584
-3.9999999999999996
0.0
0.0
0.0
0.0
-8.0
-3.9999999999999996
0.0
0.0
0.0
0.0
0.0
0.0
0.0
0.0
-8.0
0.0
0.0
0.0
0.0
0.0
-8.0
0.0
0.0
0.0
0.0
0.0
0.0
-1.920715834732342
0.0
-12.0
0.0
0.0
0.0
-8.0
0.0
0.0
0.0
0.0
0.0
0.0
0.0
0.0
0.0
-0.6661874762169696
-8.0
-0.02585517632940854
0.0
0.0
-3.9999999999999996
0.0
-3.9999999999999996
0.0
0.0
0.0
0.0
0.0
0.0
-8.0
0.0
-8.0
0.0
0.0
0.0
0.0
0.0
0.0
-0.1833208209053963
-12.0
0.0
0.0
0.0
0.0
-0.2002805197106147
0.0
0.0
-8.0
0.0
0.0
0.0
0.0
0.0
-8.0
0.0
-12.0
0.0
0.0
0.0
0.0
0.0
0.0
-8.01036117788884
0.0
0.0
-16.661591131480005
