0.0
-0.092
-6.968
0.0
-8.166
0.0
0.0
0.0
-8.0
-3.9999999999999996
-8.022
0.0
0.0
0.0
-4.018
0.0
-8.0
0.0
-8.0
-8.0
-8.0
0.0
0.0
0.0
-5.456
-8.214
-15.93
0.0
0.0
0.0
-12.11
-16.0
0.0
0.0
-14.282
0.0
0.0
-3.9999999999999996
0.0
-12.452
-12.0
0.0
-16.03
-12.0
-3.9999999999999996
0.0
-15.826
0.0
-8.0
0.0
-8.0
-7.75
-7.294
0.0
-3.9999999999999996
-8.0
-3.9999999999999996
-0.029999999999999995
-8.066
0.0
0.0
0.0
-8.0
-3.9999999999999996
0.0
0.0
-0.16999999999999998
-3.9999999999999996
0.0
-8.0
-0.09999999999999999
-8.0
-16.0
-8.0
0.0
0.0
0.0
-8.0
-7.572
-12.0
0.0
-3.792
-0.041999999999999996
0.0
0.0
0.0
-8.872
-12.0
0.0
0.0
0.0
-3.9999999999999996
-12.0
0.0
0.0
0.0
0.0
-4.012
-3.9999999999999996
0.0
0.0
-12.0
0.0
0.0
0.0
0.0
0.0
-16.0
-12.0
-12.0
-14.134
-7.832
0.0
0.0
0.0
-8.0
-0.23999999999999994
0.0
0.0
-4.014
-0.48399999999999993
0.0
-8.0
0.0
0.0
0.0
-8.0
-0.22399999999999995
-2.45
-8.12
0.0
-16.0
0.0
0.0
-8.098
0.0
0.0
0.0
-12.0
0.0
-3.9999999999999996
0.0
0.0
-0.03799999999999999
-0.005999999999999999
-0.007999999999999998
0.0
0.0
-8.0
-0.16999999999999998
-12.0
0.0
-0.11199999999999997
-3.9999999999999996
0.0
0.0
0.0
0.0
-8.0
-4.006
0.0
0.0
0.0
-3.9999999999999996
0.0
-8.034
0.0
-3.9999999999999996
-8.0
0.0
0.0
0.0
0.0
0.0
-8.0
0.0
0.0
0.0
0.0
0.0
0.0
-16.064
0.0
-8.0
0.0
-8.0
0.0
-8.102
-8.0
-3.9999999999999996
0.0
-12.0
0.0
0.0
0.0
0.0
0.0
-11.606
-8.0
-0.10199999999999998
-8.158
0.0
-3.9999999999999996
0.0
-3.9999999999999996
0.0
0.0
0.0
0.0
0.0
0.0
-8.0
-0.08199999999999999
0.0
-3.9999999999999996
-0.252
0.0
0.0
0.0
-12.26
0.0
-5.766
0.0
0.0
-12.0
0.0
-12.0
-8.0
0.0
-8.0
-0.027999999999999997
-8.0
0.0
-0.10599999999999998
0.0
-12.0
0.0
0.0
0.0
-8.0
-8.0
0.0
0.0
0.0
-8.01
0.0
-0.124
-8.194
