-16.81
-24.0
0.0
-3.9999999999999996
-2.624
-6.7
0.0
-7.232
-11.232
-12.024
0.0
-12.0
-12.066
-3.8
-3.9999999999999996
-11.7
-16.0
-13.654
0.0
0.0
-20.0
0.0
-8.06
-3.9999999999999996
-16.0
-1.8719999999999997
-13.99
0.0
-24.0
0.0
-4.84
-7.684
0.0
-16.0
-7.928
-16.0
-12.0
-16.016
0.0
-5.518
-9.57
-0.524
-12.0
0.0
-14.086
0.0
-9.11
-16.0
-12.0
-3.9999999999999996
-0.66
-8.022
-17.128
-11.962
-0.20799999999999996
-8.0
-15.094
-11.88
-12.0
0.0
-12.13
-12.0
-9.952
-0.92
-4.434
-8.0
0.0
-23.9
0.0
-28.0
-18.526
0.0
-8.382
-4.048
-16.0
-8.0
0.0
-6.302
-0.005999999999999999
-16.0
-9.696
0.0
0.0
-12.314
-8.0
0.0
-0.292
0.0
-8.0
0.0
-18.978
0.0
0.0
-9.06
-9.12
-14.704
0.0
-18.76
0.0
-8.394
-12.0
-2.0619999999999994
-8.028
-11.902
0.0
-11.604
-12.0
-20.0
-10.918
-12.176
-3.9999999999999996
0.0
0.0
-12.0
0.0
-12.014
-9.592
-3.9999999999999996
-16.75
0.0
0.0
-0.288
-8.132
0.0
-22.29
-3.5739999999999994
-15.988
0.0
-7.466
