-11.850895358523319
-5.810300755430286
-12.0
-3.9999999999999996
-12.0
-8.0
-3.9999999999999996
-3.9999999999999996
-13.649775231999278
-0.725445908172957
-3.9999999999999996
-11.233434980578403
-4.090471691170609
-8.0
-16.016540078890635
-12.0
-12.186126459631403
-7.681410241601225
-8.181996208775393
-5.307482877204298
-8.0
-12.0
-0.20379410996320688
-20.0
-8.0
-8.04389546497035
-16.0
-20.0
-4.058622925301783
-6.147710709182622
-12.33573612340637
-12.0
-3.9999999999999996
-8.0
-20.0
-16.0
-7.618362357766296
-8.0
-12.0
-5.200727629554697
-13.129582616845601
-12.0
-9.569132336285037
-8.778309754298137
-3.9999999999999996
-8.0
-8.187331034448576
-16.531551310784188
-24.0
-20.0
-12.0
-2.4438789397069587
-0.5442342788140618
-16.0
-4.271794790229986
-15.50336794988101
-16.0
-4.038211290984215
-5.546856128581008
-5.1326504277317815
-0.17704700018305486
-4.984770151336541
-12.0
-13.972601488235187
-8.0
-8.0
-3.9999999999999996
-16.0
-3.9999999999999996
-16.0
-3.9999999999999996
-8.020195861164874
-12.0
-11.48719022072451
-12.0
0.0
-5.02443276705025
-16.0
-3.9999999999999996
-12.0
-12.0
-3.6400952001566766
-0.2745017158979394
-0.4585989941273267
-8.0
-8.193268634982738
-16.0
-20.0
-7.972343418277485
-0.09480316092834737
-12.986971563101694
-4.270718726803482
-1.334527809469499
-10.86308827938002
-8.283906035551665
-3.874252873112932
-12.0
-24.530716457078704
-16.0
-5.044159276031441
-12.0
-16.0
-7.37190880334857
-8.547665921911047
-12.0
-12.0
-17.168420418638316
-12.0
-24.0
-20.0
-4.894448017349758
-12.0
-20.0
-7.3574516573916995
-8.007389870666273
-10.618728736779035
-0.09142463726399683
-8.0
-12.0
-12.0
-3.9999999999999996
-4.155742329836869
-17.23533272408449
-12.0
-12.0
-20.0
-16.0
-3.9999999999999996
-4.053196636083128
-12.586615204798724
-8.0
-17.706779590082753
-12.0
-4.269476733319299
-4.048334469373436
-0.41847686821537083
-14.50804314629726
0.0
-12.0
-16.0
-24.0
-20.0
-12.0
-4.065412119991745
-3.9999999999999996
-0.034963100407726856
0.0
-8.000490962683012
-8.0
-5.002332945614889
-4.9137936835744105
-18.8271495231076
-0.11999724065164859
-16.0
-12.0
-12.0
-16.0
-20.0
-10.204564392346832
0.0
-0.03251210209340039
-12.0
-8.0
-4.210060856309349
-12.08335419988023
-12.00492050767244
0.0
-16.0
-12.0
-8.026415398889666
-16.0
-8.0
-3.9999999999999996
-12.0
-4.00393446732002
-3.9999999999999996
-7.495769675052473
-3.9999999999999996
-8.084596578896717
-20.0
-8.210642345646882
-15.973553730826449
-16.0
-9.428427788862384
-3.9999999999999996
-12.0
-0.02019586116487475
-12.322083698511692
-11.643175427070634
-12.0
-12.0
-20.00344181150764
-12.0
-8.0
-12.0
0.0
-16.0
-16.0
-4.201448590920904
-0.4163556659584308
-12.61405142446441
-16.00344181150764
-13.183439215477145
-8.0
-8.0
-0.019645849699708364
-8.674997252642136
-12.0
-5.721058794147413
-12.49304767412711
-6.479233355417745
-12.0
-3.9999999999999996
-3.9999999999999996
-8.0
-13.686308264183328
-16.0
-14.48290741193462
-8.0
-13.9553352425778
-20.0
-12.0
-8.0
-12.0
-20.0
-8.0
-12.0
-16.0
-4.640563736562155
-8.060260611828369
-0.013341340095429054
-12.313316532198435
-16.0
-8.780645441149256
-8.0
-12.0
-20.0
-20.0
-16.0
-8.200246563631584
-16.0
-3.9999999999999996
-8.0
-4.010857255236735
-8.211958746307557
-10.66217356295262
-0.2534248438978946
-16.011850148821697
