-0.06
-0.5919999999999999
-3.9999999999999996
0.0
-8.0
-3.9999999999999996
0.0
0.0
-1.134
-6.32
-8.0
-0.142
-9.038
0.0
-27.496
-0.416
-12.692
-0.084
-6.034
-20.0
-3.9999999999999996
0.0
-7.888
0.0
-8.0
-4.336
-16.0
-12.0
-0.23199999999999998
-9.106
-7.104
-12.0
0.0
-8.0
0.0
0.0
-0.212
-8.0
0.0
-18.928
-17.162
0.0
-3.876
-3.672
-3.9999999999999996
0.0
-17.04
-5.92
-8.0
0.0
-8.0
-4.178
-12.41
0.0
-4.756
-4.144
0.0
-0.736
-15.448
-9.364
-11.552
-10.942
-12.0
-8.5
-16.0
0.0
0.0
0.0
0.0
0.0
0.0
-12.28
-12.0
-12.05
0.0
0.0
-13.436
-12.0
-8.0
-8.0
0.0
-7.182
-3.27
-2.262
-20.0
-19.376
-8.0
-8.0
-0.148
-7.388
-2.588
-9.438
-15.878
-0.15799999999999997
-1.336
-4.01
0.0
-26.322
-3.9999999999999996
-1.404
0.0
-12.0
-0.544
-10.342
0.0
-4.052
-8.424
-16.0
-12.0
-12.0
-18.366
-11.084
0.0
-0.316
-8.03
-7.992
-4.216
-19.912
0.0
0.0
0.0
-18.53
-17.676
0.0
0.0
0.0
-3.9999999999999996
0.0
-4.536
-17.664
0.0
-12.758
-12.0
-22.954
-7.85
-8.57
-12.232
0.0
-12.0
0.0
-20.0
0.0
-12.0
-0.25799999999999995
0.0
-0.13999999999999996
0.0
-3.266
0.0
-7.588
-12.792
-9.16
-3.992
0.0
0.0
-20.0
-8.0
0.0
-4.88
-3.9999999999999996
-0.256
0.0
0.0
-0.7719999999999999
-8.304
-4.1
0.0
-8.0
-12.0
-15.87
0.0
0.0
0.0
0.0
-12.016
-12.0
-0.24
0.0
-0.132
-12.0
-3.04
-11.882
-12.0
-11.098
0.0
-8.0
-7.84
-1.1219999999999997
-4.031999999999999
-12.0
0.0
-7.986
0.0
0.0
0.0
-16.0
-8.0
-3.9999999999999996
-12.49
-4.902
-15.016
-0.042
-7.014
0.0
0.0
-0.228
-6.0
0.0
-5.588
-4.758
-0.668
-3.9999999999999996
0.0
0.0
0.0
-8.848
0.0
-1.336
-16.0
-7.498
-12.0
-20.0
0.0
-7.712
-8.0
0.0
-16.0
-8.0
-12.17
-12.438
-0.05399999999999999
-6.904
0.0
-1.7919999999999996
0.0
-12.0
0.0
-12.0
0.0
-7.298
-3.9999999999999996
-16.0
0.0
-0.112
-11.69
-4.156
-8.226
-15.796
