1
2
1000
1000
1000
1000
1
1000
2
3
1000
1000
3
5
1
12
21
1
349
24
5
1
2
1
1000
2
9
399
1
1000
3
1000
9
1000
1
1000
1000
1000
1
1
1000
1
1000
2
2
1
14
4
1000
1
1000
233
4
39
1
1000
1000
1000
2
14
1
7
51
42
458
49
1
3
11
1000
1
1000
1000
26
28
1
1
1000
1
2
1000
1
8
4
1000
352
1
1000
1
1
1
1000
58
1
1000
5
1
9
466
69
1
1000
1
276
1
41
1
1
1000
1
1000
6
1000
1000
1
15
1000
4
1
1
1
1000
430
1
1
1
1000
1000
1000
1
3
1000
171
1000
1000
1000
1000
2
2
14
40
1000
1
269
2
1
1
24
1
1
1000
1
1000
1000
6
1000
759
1000
1
117
2
2
1
1000
1
3
5
1
2
1
1
1000
1000
1000
1000
1000
1
636
1
1000
1
1000
1
1
1
2
1
1
1
1
1
1
1
1
1
2
1
1000
1000
15
1
15
4
1
1000
2
4
1
1
4
1
1000
1
1
35
2
1
1
255
1
1000
1
1
1
1
1
1000
1
10
1000
3
1
4
1000
2
94
1
1000
1
1
1
379
1
317
1000
1
640
1000
