1
1
1000
1000
1000
69
1
1000
1
928
1000
1000
1
1
1
2
21
1
134
38
15
1
1
1
1000
1
4
156
1
1000
1
1000
22
1000
1
1000
1000
1000
1
1
1000
1
1000
1
1
1
20
1
1000
1
1000
76
72
1000
2
1000
1000
1000
2
492
1
1
9
1000
1000
151
1
1
120
1000
1
1000
1000
1000
39
1
1
1000
1
80
1000
3
2
1
951
1000
1
1000
1
1
1
1000
1000
1
1000
2
1
12
1000
32
1
1000
1
200
1
1
1
1
1000
1
1000
220
1000
1000
1
42
1000
3
3
1
1
528
1000
1
1
1
1000
1000
1000
2
9
1000
325
1000
1000
1000
1000
1
1
259
112
1000
1
257
1
1
1
2
77
1
1000
1
682
1000
26
1000
1000
1000
2
18
1
2
1
1000
1
1
2
2
1
1
1
1000
1000
1000
1000
656
1
1000
1
1000
1
1000
1
1
1
1
1
2
1
2
1
1
1
1
1
3
1
1000
1000
43
1
7
1
1
1000
1
1
1
1
42
1
1000
1
1
75
1
1
1
1000
1
1000
15
1
1
1
1
1000
1
22
1000
2
1
1
1000
2
110
1
1000
1
1
1
1000
1
1000
1000
1
1000
1000
