1
1
1000
1000
1000
1000
1
1000
2
407
1000
1000
1
1
2
37
153
1
59
59
8
1
1
1
1000
1
8
432
1
1000
2
1000
12
782
3
1000
1000
648
1
1
1000
1
1000
9
4
1
12
1
1000
2
1000
98
24
1000
1
1000
1000
1000
1
11
1
3
30
705
1000
34
1
2
15
1000
1
1000
1000
164
5
1
5
1000
2
14
483
21
8
23
120
729
1
1000
1
1
1
1000
427
1
1000
1
1
93
1000
6
1
1000
1
1000
1
35
1
1
1000
1
1000
123
1000
1000
1
3
1000
3
3
1
1
1000
463
1
1
1
1000
1000
1000
4
14
1000
74
1000
1000
1000
1000
3
4
133
133
1000
1
1000
1
1
1
32
1
1
1000
1
631
1000
11
769
1000
1000
4
19
3
4
1
235
1
4
1
3
1
4
1
1000
1000
1000
1000
662
1
744
1
1000
1
1000
1
1
1
2
1
23
1
3
1
3
1
1
1
1
1
1000
1000
9
1
4
5
1
1000
1
7
1
1
16
1
1000
1
3
15
1
1
1
1000
1
1000
8
2
1
1
1
1000
1
14
1000
1
1
7
1000
1
66
1
1000
1
1
1
638
1
329
1000
1
57
1000
