1
1
1000
1000
1000
1000
1
1000
1
3
1000
1000
2
1
1
8
8
1
82
17
3
1
1
1
458
1
1
650
1
1000
3
80
18
91
4
1000
1000
1000
1
1
1000
1
21
1
2
3
1
1
1000
1
55
170
2
130
3
1000
1000
1000
2
25
1
2
48
169
1000
251
1
1
18
1000
1
1000
964
13
12
1
7
1000
2
1
316
10
13
12
1000
1000
1
1000
1
1
1
1000
83
1
1000
4
1
52
1000
5
1
1000
1
6
1
3
1
1
1000
6
1000
190
1000
1000
1
5
1000
2
3
1
1
822
311
1
1
1
1000
1000
1000
1
2
190
336
417
1000
1000
1000
6
1
25
25
1000
1
1000
1
1
1
6
1
1
1000
1
703
1000
8
727
63
1000
1
58
2
1
1
562
1
1
8
2
1
1
1
1000
1000
1000
1000
1000
1
147
1
1000
1
1000
1
9
1
2
1
2
1
2
1
1
1
1
1
1
7
1000
1000
3
1
9
1
1
1000
1
30
1
1
11
1
1000
1
2
2
1
1
1
84
1
1000
5
3
1
1
1
1000
1
2
1000
2
3
1
1000
1
9
1
938
1
1
1
1000
1
1000
1000
1
98
1000
