1
1
1000
1000
1000
1000
1
1000
2
1000
1000
1000
3
1
1
15
26
1
125
3
6
1
1
1
1000
1
34
55
1
1000
2
1000
10
1000
1
1000
1000
1000
1
1
1000
1
1000
5
1
1
21
2
1000
1
1000
32
54
1000
1
1000
1000
1000
2
167
1
1
87
323
1000
1000
1
1
35
1000
1
1000
1000
1000
85
1
2
1000
2
45
1000
9
2
1
1000
1000
1
1000
1
2
1
1000
102
1
1000
1
1
17
1000
69
1
1000
1
1000
1
2
1
1
1000
1
1000
498
1000
1000
1
3
1000
1
1
1
1
1000
1000
1
1
1
1000
1000
1000
1
17
1000
1000
1000
1000
1000
1000
1
1
218
167
1000
1
721
1
1
1
2
12
1
1000
1
1000
1000
1
1000
1000
1000
2
16
1
1
1
658
1
1
1
1
1
1
1
1000
1000
1000
1000
1000
1
1000
1
1000
1
1000
1
1
1
1
1
4
2
1
1
1
1
1
1
2
1
1000
1000
16
1
19
1
1
1000
1
2
1
1
28
1
1000
1
1
261
1
1
1
148
1
120
94
1
1
1
1
1000
1
7
1000
2
1
1
1000
1
84
1
1000
1
1
1
1000
1
1000
1000
1
785
1000
