1
1
1000
1000
1000
915
1
1000
1
1000
1000
1000
1
1
2
5
67
1
188
29
19
1
1
1
326
1
67
320
1
1000
1
46
8
400
1
1000
1000
1000
1
1
1000
1
1000
2
1
1
96
1
1000
1
288
1000
80
993
3
1000
1000
1000
1
299
1
3
19
135
1000
767
1
1
19
1000
1
1000
1000
1000
47
1
1
1000
1
63
364
5
3
1
1000
1000
1
1000
1
1
1
1000
961
1
1000
2
1
4
1000
55
1
1000
1
115
1
4
1
1
1000
1
1000
400
1000
1000
1
2
1000
1
3
1
1
1000
1000
1
1
1
1000
1000
1000
1
8
1000
1000
1000
1000
1000
1000
1
3
16
232
1000
1
1000
1
1
1
3
122
1
1000
1
1000
1000
39
1000
1000
1000
1
62
1
2
1
1000
1
1
3
1
1
1
1
1000
1000
1000
1000
905
1
1000
1
1000
1
1000
1
1
1
3
1
1
1
1
1
1
1
1
1
2
2
1000
1000
25
1
147
1
1
1000
1
5
1
1
11
1
1000
1
2
42
1
1
1
1000
1
1000
9
1
1
1
1
1000
1
6
1000
3
1
1
1000
1
411
1
1000
1
1
1
1000
1
1000
1000
1
1000
1000
