1
1
1000
1000
1000
1000
1
1000
4
39
1000
1000
1
1
3
12
5
1
40
1
1
1
2
1
744
1
2
62
1
1000
1
1000
17
302
1
1000
1000
306
1
1
1000
1
42
5
6
2
3
1
1000
1
1000
1000
2
492
2
1000
1000
1000
4
39
1
5
53
1000
1000
925
1
1
10
1000
1
1000
1000
1000
1
1
1
1000
2
25
493
65
2
19
1000
253
1
1000
1
1
1
1000
24
1
108
2
1
61
1000
1
1
1000
1
930
1
2
1
1
1000
2
1000
924
1000
1000
1
4
1000
3
4
2
2
1000
432
1
1
1
1000
1000
1000
2
6
1000
1000
263
1000
1000
1000
10
3
28
6
1000
2
11
1
1
1
24
1
1
1000
1
883
1000
1
748
1000
1000
1
100
1
1
1
1000
1
1
4
1
5
2
1
1000
1000
1000
1000
1000
1
368
1
1000
1
1000
1
1
1
1
1
21
1
3
1
1
1
1
1
5
2
1000
1000
4
1
1
1
1
1000
1
11
1
2
9
1
1000
1
5
17
3
1
1
292
1
1000
2
1
1
1
1
1000
1
1
1000
2
1
1
1000
1
34
1
1000
1
1
1
72
1
1000
1000
1
184
1000
