1
1
1000
1000
1000
381
1
1000
1
1000
1000
1000
8
1
2
7
21
1
50
2
14
1
1
1
18
3
15
23
1
1000
1
1000
4
573
1
1000
1000
1000
1
1
1000
1
219
2
3
1
2
1
1000
4
1000
1000
3
1000
2
1000
1000
1000
3
2
1
1
26
6
1000
43
1
3
3
1000
1
1000
1000
755
106
1
1
1000
1
22
59
1
5
18
663
862
1
1000
1
2
1
1000
339
1
1000
1
1
98
1000
2
1
1000
1
1000
1
2
1
1
1000
2
1000
133
1000
1000
1
23
1000
2
3
4
1
91
96
1
1
1
1000
1000
1000
2
8
1000
400
277
1000
1000
1000
5
3
125
38
1000
1
29
1
1
1
11
626
1
1000
1
357
1000
3
1000
1000
1000
2
67
1
2
1
1000
1
3
4
4
1
1
1
1000
1000
1000
1000
229
1
1000
1
1000
1
1000
1
2
2
2
1
16
1
2
1
1
1
1
1
1
2
1000
1000
16
1
5
1
1
1000
1
12
1
1
25
1
1000
1
8
12
1
1
1
63
1
919
18
3
1
1
1
1000
1
4
1000
1
1
1
1000
1
42
1
1000
1
1
1
569
1
1000
1000
1
417
1000
