1
1
1000
1000
1000
748
2
1000
1
214
1000
1000
1
2
3
20
10
1
31
42
3
1
1
1
1000
1
7
146
1
1000
2
490
14
1000
4
1000
1000
1000
1
1
1000
1
138
3
1
1
4
2
1000
1
1000
1000
7
342
4
1000
1000
1000
1
16
1
5
46
259
884
162
1
1
3
1000
1
1000
1000
1000
2
1
2
1000
5
8
1000
6
14
29
100
552
1
1000
1
2
1
1000
64
1
1000
1
1
3
1000
14
1
1000
1
388
1
7
1
1
1000
3
1000
214
398
1000
1
43
1000
1
1
1
1
244
263
1
1
1
1000
1000
1000
1
10
1000
1000
447
1000
1000
1000
8
4
45
131
1000
1
1000
1
1
1
47
1000
1
1000
1
163
1000
1
1000
1000
1000
3
32
3
6
1
1000
1
1
4
3
1
1
1
1000
1000
1000
1000
1000
1
138
1
1000
1
1000
1
3
1
2
1
7
1
1
1
1
1
1
1
1
8
1000
1000
2
1
8
2
1
471
2
35
1
1
6
1
1000
1
1
5
1
1
1
504
1
1000
11
2
1
1
1
1000
1
3
1000
2
1
1
1000
1
93
1
1000
1
1
1
1000
1
697
1000
1
342
1000
