1
1
1000
1000
1000
1000
1
1000
1
220
1000
1000
4
1
2
38
37
1
29
5
3
1
1
1
653
1
42
623
1
1000
1
1000
18
628
1
1000
1000
460
1
2
1000
1
816
3
4
1
2
1
1000
2
265
1000
3
456
4
1000
1000
1000
4
98
1
1
22
25
312
157
1
1
7
1000
1
1000
1000
602
45
1
5
1000
1
14
1000
3
19
7
41
545
1
1000
1
1
1
1000
50
1
1000
1
1
20
1000
6
1
1000
1
963
1
5
1
1
1000
6
1000
30
1000
1000
1
4
1000
2
1
1
1
363
381
1
1
1
1000
1000
1000
1
2
1000
502
1000
1000
1000
1000
3
2
62
190
1000
1
252
1
3
1
6
14
1
1000
1
548
1000
1
1000
615
1000
3
96
2
6
1
1000
1
1
6
2
1
1
1
1000
1000
1000
1000
894
1
850
1
1000
1
1000
1
2
2
1
1
1
2
1
1
1
1
1
1
1
5
1000
1000
11
3
1
4
1
659
2
4
1
1
13
1
1000
1
1
16
1
1
1
1000
1
44
17
1
1
1
1
1000
1
2
1000
1
2
1
1000
1
237
1
430
1
2
1
1000
1
806
1000
1
1000
1000
