1
1
1000
1000
1000
479
1
1000
1
11
1000
1000
5
1
5
5
23
1
28
39
4
1
1
1
915
1
11
37
1
1000
6
1000
3
944
12
1000
1000
1000
1
2
1000
1
434
5
15
1
10
1
1000
2
1000
1000
7
1000
2
1000
1000
1000
1
12
1
6
27
184
1000
89
1
2
3
54
1
1000
117
1000
22
1
2
1000
2
33
1000
11
6
4
210
736
1
1000
1
2
1
674
535
1
1000
1
1
28
899
1
1
1000
1
1000
1
2
1
1
1000
1
1000
221
375
1000
1
4
1000
2
1
1
3
1000
1000
1
1
1
1000
1000
1000
1
10
1000
273
1000
1000
1000
1000
3
1
133
94
1000
1
129
1
1
1
33
17
2
1000
1
141
1000
20
1000
1000
1000
1
5
6
2
1
1000
1
2
9
1
1
1
1
1000
1000
1000
1000
1000
1
663
1
1000
1
1000
1
1
1
1
1
1
2
1
1
1
1
1
1
1
2
1000
1000
24
3
12
1
1
1000
1
7
1
1
4
1
1000
1
9
34
1
1
1
1000
1
1000
3
1
1
1
1
1000
1
10
1000
4
1
12
1000
1
84
1
1000
1
1
1
1000
1
1000
1000
1
133
1000
