1
1
1000
1000
1000
1000
1
1000
1
1000
1000
1000
2
1
1
1
21
1
58
122
4
1
1
1
342
1
32
102
1
1000
2
1000
55
1000
1
1000
1000
1000
1
1
1000
1
1000
1
1
1
31
1
1000
1
1000
1
7
1000
2
1000
1000
1000
1
99
1
2
35
1000
1000
4
1
2
59
1000
1
1000
1000
643
4
1
1
1000
1
56
1000
2
1
3
1000
1000
1
1000
1
1
1
1000
402
1
485
1
1
104
529
75
1
1000
1
513
1
1
1
1
1000
1
1000
1000
1000
1000
1
3
1000
1
2
1
1
1000
1000
1
1
1
1000
1000
1000
1
4
1000
1000
1000
1000
1000
1000
2
2
734
121
1000
1
1
1
1
1
2
1000
1
1000
1
380
1000
33
1000
1000
1000
1
17
1
1
1
1000
1
1
2
1
1
1
1
1000
1000
1000
1000
547
1
1000
1
1000
1
1000
1
2
1
1
1
1
1
1
1
1
1
1
1
1
1
1000
1000
17
1
20
1
1
1000
1
3
1
1
14
1
1000
1
2
12
1
1
1
1000
1
1000
15
1
1
1
1
1000
1
6
1000
1
1
1
1000
1
198
1
1000
1
1
1
1000
1
1000
1000
1
1000
1000
