1
1
1000
1000
1000
600
1
1000
4
1000
1000
1000
3
3
5
2
50
1
77
79
4
1
2
1
923
1
17
480
1
1000
1
1000
3
577
1
1000
1000
437
1
1
1000
1
331
8
1
1
4
2
1000
2
1000
1000
4
1000
1
1000
1000
1000
1
42
1
1
20
1000
1000
144
1
1
4
1000
1
1000
1000
419
15
1
1
1000
4
4
1000
2
16
14
1000
685
1
1000
1
5
1
1000
9
1
1000
4
1
74
1000
9
1
1000
1
4
1
1
1
1
1000
5
1000
107
870
1000
1
6
1000
4
1
1
1
1000
810
1
1
1
1000
1000
1000
1
1
1000
1000
1000
1000
1000
1000
2
1
132
37
1000
1
416
1
2
1
15
1000
2
1000
1
473
1000
3
1000
1000
1000
2
2
2
1
1
1000
1
1
17
2
1
2
1
1000
1000
1000
1000
1000
1
866
1
1000
1
1000
1
1
1
1
1
2
1
1
1
1
1
1
1
1
1
1000
1000
10
4
3
2
1
1000
1
11
1
1
3
1
1000
1
7
11
1
1
1
1000
1
160
4
1
1
2
1
1000
1
2
1000
3
1
3
1000
1
35
1
1000
1
1
1
1000
1
699
1000
1
181
1000
