1
1
1000
1000
1000
1000
1
1000
1
39
1000
1000
3
2
4
12
11
1
220
8
8
1
1
1
1000
1
22
69
1
1000
4
1000
5
1000
1
1000
1000
1000
1
2
1000
1
529
6
2
1
5
3
1000
1
8
1000
7
158
2
1000
1000
1000
5
40
1
1
20
1000
1000
210
2
1
2
971
1
1000
1000
95
2
1
2
1000
1
5
1000
1
20
2
869
405
1
1000
1
1
1
1000
2
1
1000
3
1
36
1000
6
1
1000
1
137
1
11
1
1
1000
4
1000
283
325
1000
1
3
1000
2
2
3
1
1000
1000
1
1
1
1000
1000
1000
1
1
1000
137
504
1000
1000
1000
7
3
6
2
1000
1
1000
1
1
1
2
1
1
1000
1
90
1000
8
200
1000
1000
2
86
2
4
1
1000
1
1
2
1
1
3
1
1000
1000
1000
1000
239
1
9
1
764
1
1000
1
1
1
2
1
2
1
3
1
1
1
1
1
4
1
1000
1000
2
2
5
1
1
1000
2
4
1
1
6
1
1000
1
7
24
1
1
1
982
1
647
26
1
1
1
1
1000
1
29
1000
1
2
1
1000
1
25
1
1000
1
1
1
1000
1
1000
1000
1
970
1000
