1
1
1000
1000
1000
1000
1
1000
1
569
1000
1000
1
1
1
7
114
1
88
17
5
1
1
1
1000
1
14
994
1
1000
1
1000
80
1000
1
1000
1000
1000
1
1
1000
1
1000
1
2
1
7
1
1000
1
1000
107
58
1000
2
1000
1000
1000
2
810
1
1
65
147
1000
187
1
1
27
1000
1
1000
1000
1000
64
1
1
1000
2
58
4
2
1
4
1000
1000
1
1000
1
2
1
1000
234
1
1000
1
1
235
1000
1
1
1000
1
113
1
1
1
1
1000
3
1000
727
1000
1000
1
19
1000
3
1
1
1
1000
1000
1
1
1
1000
1000
1000
1
30
1000
896
1000
1000
1000
1000
1
1
153
44
1000
1
1000
1
1
1
3
1000
1
1000
1
1000
1000
41
1000
1000
1000
1
38
1
2
1
440
1
1
1
1
1
1
1
1000
1000
1000
1000
1000
1
1000
1
1000
1
1000
1
1
1
2
1
1
1
1
1
1
1
1
1
1
1
1000
1000
12
1
59
1
1
1000
1
3
1
1
10
1
1000
1
1
58
1
1
1
1000
1
1000
3
1
1
1
1
1000
1
40
1000
1
1
1
1000
1
341
1
1000
1
1
1
1000
1
1000
1000
1
1000
1000
