1
1
1000
1000
1000
1000
1
1000
3
100
1000
1000
4
3
3
34
8
1
316
12
16
1
2
1
121
1
2
101
1
1000
11
1000
34
620
2
1000
1000
1000
1
1
1000
1
1000
1
2
1
4
1
1000
1
1000
948
33
1000
1
1000
1000
1000
1
5
1
13
25
318
1000
5
1
1
9
1000
1
1000
1000
20
24
1
1
1000
2
10
1000
2
4
12
225
1000
1
1000
1
2
1
1000
114
1
1000
6
1
48
1000
1
1
1000
1
181
2
5
1
1
1000
2
1000
322
1000
1000
1
8
1000
4
1
1
1
1000
1000
1
1
1
1000
1000
1000
1
5
1000
1000
420
1000
1000
1000
2
1
5
120
1000
1
499
2
1
1
2
2
1
1000
1
354
1000
4
1000
1000
1000
2
36
1
5
1
1000
1
1
3
2
1
5
1
1000
1000
1000
1000
330
1
1000
1
1000
1
1000
1
1
1
3
1
7
1
1
1
1
1
1
1
1
2
1000
1000
22
1
14
1
1
1000
1
9
1
2
22
1
1000
1
1
3
1
1
1
1000
1
189
19
6
1
1
1
1000
2
1
1000
2
1
2
1000
2
32
1
1000
1
2
1
1000
1
22
1000
1
513
1000
