1
1
1000
1000
1000
1000
1
1000
1
328
1000
1000
1
1
1
6
3
1
38
15
19
1
1
1
1000
1
20
837
1
1000
1
1000
7
1000
1
1000
1000
1000
1
1
1000
1
1000
1
1
1
5
1
1000
1
1000
1000
45
1000
1
1000
1000
1000
1
543
1
2
14
1000
1000
852
1
2
132
1000
1
1000
1000
1000
84
1
1
1000
1
43
1000
4
6
1
1000
1000
1
1000
1
2
1
1000
112
1
948
1
1
349
1000
47
1
1000
1
46
1
3
1
1
1000
1
1000
268
1000
1000
1
33
1000
1
1
1
1
1000
336
1
1
1
1000
1000
1000
1
42
1000
1000
1000
1000
1000
1000
1
1
409
659
1000
1
1000
1
1
1
2
2
1
1000
1
370
1000
30
1000
1000
1000
1
234
1
1
1
950
1
1
1
1
1
1
1
1000
1000
1000
1000
770
1
1000
1
1000
1
1000
1
2
1
1
1
1
1
1
1
1
1
1
1
2
1
1000
1000
28
1
12
1
1
1000
1
5
1
3
13
1
1000
1
2
148
1
1
1
1000
1
1000
28
1
1
1
1
1000
1
24
1000
1
1
1
1000
1
567
1
1000
1
1
1
1000
1
1000
1000
1
1000
1000
