1
1
1000
1000
1000
1000
1
1000
1
216
1000
1000
1
3
1
5
44
2
293
28
16
1
1
1
1000
1
21
295
1
1000
1
1000
18
579
1
1000
1000
1000
1
1
1000
1
1000
1
1
1
50
1
1000
1
247
1000
55
1000
1
1000
1000
1000
1
371
1
2
126
1000
1000
274
1
2
68
1000
1
1000
1000
1000
6
1
1
1000
1
82
1000
6
4
1
1000
1000
1
1000
1
1
1
1000
73
1
1000
5
1
137
1000
176
1
1000
1
177
1
1
1
1
1000
1
1000
125
1000
1000
1
1
1000
1
1
1
1
1000
576
1
1
1
1000
1000
1000
1
2
1000
1000
1000
1000
1000
1000
1
2
116
86
1000
1
11
1
1
1
1
141
1
1000
1
90
1000
18
1000
1000
1000
1
18
1
1
1
939
1
1
2
1
1
1
1
1000
1000
1000
1000
1000
1
1000
1
1000
1
1000
1
1
1
1
1
2
1
1
1
1
1
1
1
1
1
1000
1000
15
1
36
1
1
1000
1
1
1
1
1
1
1000
1
1
99
1
1
1
1000
1
1000
7
1
1
1
1
1000
1
1
1000
3
1
1
1000
1
437
1
1000
1
1
1
1000
1
1000
1000
1
84
1000
