1
1
1000
1000
1000
720
1
1000
1
370
1000
1000
2
2
2
50
22
1
62
2
4
1
1
1
1000
1
22
260
1
1000
25
1000
20
1000
1
1000
1000
672
1
1
1000
1
1000
2
9
1
2
1
1000
1
1000
474
10
1000
1
1000
1000
1000
2
10
1
4
11
261
1000
122
1
1
10
1000
1
1000
1000
145
1
1
7
1000
4
7
1000
20
3
1
220
1000
1
1000
1
6
1
1000
10
1
1000
3
1
106
1000
15
1
1000
1
310
1
10
1
1
1000
1
156
11
1000
1000
1
1
1000
2
4
1
1
498
374
1
1
1
1000
1000
1000
1
1
1000
1000
860
1000
1000
1000
1
1
4
184
1000
1
84
1
2
1
49
3
1
1000
1
65
1000
3
228
704
1000
2
19
1
2
1
1000
1
2
3
4
1
1
1
1000
1000
1000
1000
42
1
269
1
1000
1
1000
1
1
1
1
1
31
2
1
1
1
1
1
1
1
2
1000
1000
4
2
8
2
1
1000
1
20
1
2
3
1
1000
1
2
35
1
1
1
1000
1
1000
9
2
1
1
1
1000
1
3
1000
1
1
1
1000
1
76
1
1000
1
1
1
969
1
432
1000
1
183
1000
