1
1
1000
1000
1000
349
1
1000
1
569
1000
1000
2
1
1
35
92
1
15
18
5
1
1
1
573
1
9
56
1
1000
3
250
7
1000
1
1000
1000
1000
1
1
1000
1
1000
2
4
1
4
1
1000
1
1000
160
6
26
3
1000
1000
1000
1
27
1
4
14
1000
455
292
1
1
1
93
1
1000
318
280
18
1
2
1000
5
32
1000
16
5
9
1000
284
1
1000
1
5
1
1000
376
1
1000
1
1
92
1000
14
1
1000
1
459
1
12
1
1
1000
2
120
45
1000
1000
1
11
1000
1
1
3
1
178
659
1
1
1
1000
1000
1000
1
26
1000
1000
1000
1000
1000
1000
1
1
7
140
1000
1
1000
1
1
2
31
14
1
1000
1
1000
1000
4
134
384
1000
1
19
2
2
1
1000
1
2
8
1
1
1
1
1000
1000
1000
1000
1000
1
1000
1
1000
1
1000
1
3
1
4
1
29
1
2
1
1
1
1
1
1
2
1000
1000
9
1
2
1
1
1000
1
26
1
1
7
1
1000
1
1
22
2
1
1
102
1
1000
6
1
1
1
1
1000
1
1
1000
2
1
2
1000
1
29
1
1000
1
1
1
1000
1
575
1000
1
823
1000
