1
1
1000
1000
1000
1000
1
1000
3
980
1000
1000
3
3
2
22
54
1
120
1
5
1
1
1
664
1
3
155
1
1000
1
1000
45
1000
1
1000
1000
1000
1
1
1000
1
59
1
2
1
1
2
1000
1
1000
949
3
1000
2
1000
1000
1000
1
4
1
3
8
1000
717
71
1
1
7
609
1
1000
1000
1000
17
1
7
1000
7
12
1000
2
14
1
632
32
1
1000
1
1
1
1000
220
1
507
4
1
11
1000
8
1
1000
1
91
1
1
1
1
1000
1
1000
80
237
1000
1
3
1000
1
1
1
1
1000
276
1
1
1
1000
1000
1000
1
1
794
159
1000
1000
1000
1000
5
1
85
55
1000
1
1000
2
1
1
1
5
1
1000
1
428
1000
12
957
1000
1000
2
54
1
1
1
1000
1
1
4
1
1
1
1
1000
1000
1000
1000
1000
1
142
1
1000
1
1000
1
5
1
1
1
10
1
1
1
1
1
1
1
7
1
1000
1000
12
4
3
1
1
1000
2
2
1
3
10
1
1000
1
1
1
1
1
1
1000
1
1000
5
1
1
1
1
1000
1
4
1000
3
1
1
1000
1
12
1
1000
1
1
1
1000
1
501
1000
1
305
1000
