1
1
1000
1000
1000
27
1
1000
1
372
1000
1000
4
2
4
91
18
1
286
25
21
1
1
1
279
1
20
110
1
1000
1
1000
1
285
6
1000
1000
1000
1
1
1000
1
137
3
8
1
4
1
1000
1
70
294
7
454
1
1000
1000
1000
4
16
1
6
67
246
1000
438
1
4
4
1000
1
1000
1000
826
1
1
3
1000
7
2
1000
12
3
12
405
1000
1
1000
1
5
1
1000
265
1
828
2
1
24
1000
16
1
1000
1
1000
1
13
1
1
1000
1
1000
55
640
1000
1
5
1000
1
2
3
1
1000
845
1
1
1
1000
1000
1000
1
18
159
82
1000
1000
1000
1000
2
2
43
211
1000
2
1000
1
1
1
5
489
1
1000
1
1000
1000
1
1000
6
1000
6
42
1
2
1
1000
1
1
2
1
1
1
1
1000
1000
1000
1000
1000
1
300
1
1000
1
1000
1
1
1
1
1
22
2
1
1
1
1
1
1
2
1
1000
1000
3
8
3
3
1
1000
1
24
1
4
2
1
1000
1
3
3
1
1
1
114
1
441
9
1
1
1
1
1000
2
12
1000
1
1
2
1000
1
84
1
1000
1
1
1
1000
1
1000
1000
1
701
1000
