1
1
1000
1000
1000
264
1
1000
1
384
1000
1000
2
2
1
16
10
1
27
50
10
1
1
1
361
2
10
201
1
1000
3
1000
69
1000
1
1000
1000
1000
1
1
1000
1
550
1
6
1
17
1
1000
1
1000
1000
1
269
1
1000
1000
1000
1
81
1
6
22
861
103
399
1
1
3
1000
1
1000
1000
1000
4
1
1
1000
1
11
129
2
27
14
35
127
1
1000
1
2
1
1000
363
1
1000
1
1
54
1000
4
1
1000
1
390
1
6
1
1
1000
2
1000
119
1000
1000
1
9
1000
3
1
2
1
1000
988
1
1
1
1000
1000
1000
1
4
582
1000
67
1000
1000
1000
1
2
122
25
1000
2
1000
2
1
1
9
4
1
1000
1
1000
1000
14
700
656
1000
1
395
4
1
1
1000
1
1
4
1
3
1
1
1000
1000
1000
1000
1000
1
109
1
1000
1
1000
1
1
1
1
1
16
3
1
1
1
1
1
1
1
8
1000
1000
2
1
4
1
1
1000
1
3
1
2
2
1
1000
1
2
31
1
1
1
178
1
489
8
1
1
1
1
1000
1
8
1000
1
1
5
1000
1
110
1
1000
1
2
1
1000
1
1000
1000
1
57
1000
