1
1
1000
1000
1000
663
1
1000
1
124
1000
1000
2
2
1
24
56
1
23
35
1
1
2
1
1000
1
2
245
1
1000
2
657
19
592
2
1000
1000
1000
1
1
1000
1
352
14
6
1
5
1
1000
1
271
1000
6
147
3
1000
1000
1000
1
60
1
2
31
364
1000
42
1
1
8
1000
1
1000
127
316
13
1
2
1000
5
7
409
6
5
13
292
379
1
1000
1
1
1
1000
43
1
1000
1
1
12
1000
27
1
1000
1
22
1
28
1
1
1000
1
1000
155
31
1000
1
8
1000
2
2
2
1
187
1000
1
1
1
1000
1000
1000
1
4
1000
1000
869
1000
1000
1000
3
1
16
150
1000
1
1000
1
1
1
11
13
1
1000
1
558
1000
1
754
511
1000
2
142
2
9
1
1000
1
1
1
1
1
1
1
1000
1000
1000
1000
518
1
863
1
1000
1
1000
1
1
1
1
1
12
1
4
1
2
1
1
1
1
3
1000
1000
3
1
11
5
1
1000
1
13
1
2
12
1
1000
1
7
7
1
1
1
270
1
1000
26
1
1
1
1
1000
1
6
1000
2
1
4
1000
1
76
1
512
1
2
1
17
1
1000
1000
1
322
1000
