1
2
1000
1000
1000
287
1
1000
2
268
1000
1000
5
1
2
40
10
1
205
5
8
1
2
1
503
1
14
22
1
1000
10
1000
6
810
1
1000
1000
1000
1
2
1000
1
1000
1
3
1
12
1
1000
2
13
1000
5
514
5
1000
1000
1000
1
4
1
14
93
1000
1000
396
1
2
13
39
1
1000
1000
152
6
1
3
1000
7
2
160
11
1
5
49
1000
1
1000
1
2
1
1000
192
1
1000
2
1
31
1000
13
1
1000
1
683
1
10
1
1
1000
5
1000
116
1000
1000
1
5
1000
2
1
1
1
1000
852
1
1
1
1000
1000
1000
1
4
1000
331
781
1000
1000
1000
3
1
58
8
1000
1
1000
1
1
1
2
4
1
1000
1
1000
1000
17
259
325
1000
1
30
3
1
1
1000
1
1
1
3
1
2
1
1000
1000
1000
1000
648
1
433
1
1000
1
1000
1
6
1
2
1
11
2
1
1
1
1
1
1
5
3
1000
1000
2
1
1
1
1
1000
1
15
1
1
14
1
1000
1
5
25
1
1
1
78
1
92
15
1
1
1
1
1000
1
1
1000
4
1
1
1000
1
109
1
1000
1
1
1
1000
1
135
1000
1
473
1000
