1
1
1000
1000
1000
1000
1
1000
2
1000
1000
1000
1
1
1
6
6
1
277
60
15
1
1
1
1000
1
47
1000
1
1000
3
1000
36
1000
1
1000
1000
1000
1
1
1000
1
1000
1
6
1
6
1
1000
1
1000
346
121
634
1
1000
1000
1000
1
57
1
1
28
1000
1000
90
1
1
11
1000
1
1000
1000
1000
70
1
1
1000
1
8
1000
3
5
2
617
1000
1
1000
1
1
1
1000
733
1
1000
1
1
185
1000
26
1
1000
1
1000
1
1
1
1
1000
1
1000
209
1000
1000
1
2
1000
2
2
1
1
1000
309
1
1
1
1000
1000
1000
2
11
1000
1000
1000
1000
1000
1000
2
1
111
93
1000
1
211
1
1
1
1
11
1
1000
1
463
1000
10
1000
1000
1000
1
20
1
1
1
422
1
1
4
1
2
1
1
1000
1000
1000
1000
1000
1
1000
1
1000
1
1000
1
1
1
1
1
7
1
2
1
1
1
1
1
2
1
1000
1000
16
1
10
1
1
1000
1
3
1
1
1
1
1000
1
1
214
1
1
1
1000
1
1000
15
1
1
1
1
1000
1
3
1000
1
1
1
1000
1
114
1
1000
1
1
1
1000
1
1000
1000
1
1000
1000
