1
1
1000
1000
1000
773
1
1000
2
423
1000
1000
2
2
1
69
63
1
234
64
1
1
3
1
155
1
4
486
1
1000
4
1000
1
1000
2
1000
1000
1000
1
1
1000
1
103
2
11
1
13
1
1000
1
1000
1000
1
859
2
1000
1000
1000
2
58
1
4
75
140
336
50
1
3
5
164
1
1000
1000
218
19
1
2
1000
2
10
1000
1
7
4
1000
342
1
1000
1
2
1
1000
1
1
1000
2
1
24
911
25
1
1000
1
183
2
20
1
1
1000
1
1000
7
1000
1000
1
3
1000
4
3
1
1
1000
723
1
1
1
1000
1000
1000
1
1
1000
1000
1000
1000
1000
1000
3
1
6
79
107
2
278
1
3
1
2
6
1
1000
1
1000
1000
4
105
1000
1000
1
71
4
6
1
1000
1
1
4
1
2
2
1
1000
1000
1000
910
1000
1
204
1
1000
1
1000
1
3
1
3
1
1
1
2
1
1
1
1
1
2
4
1000
1000
1
1
4
2
1
1000
1
1
1
3
1
1
1000
1
4
18
1
1
1
186
1
700
2
1
1
1
1
1000
1
5
1000
3
2
1
1000
1
4
1
1000
1
1
1
1000
1
435
1000
1
140
1000
