1
1
1000
1000
1000
89
1
1000
1
1000
1000
1000
1
1
2
13
81
1
258
10
2
1
2
1
1000
1
40
675
1
1000
1
1000
17
1000
1
1000
1000
1000
1
1
1000
1
1000
1
1
1
37
2
1000
1
371
1000
27
1000
1
1000
1000
1000
2
42
1
1
4
725
1000
1000
1
2
6
1000
1
1000
1000
1000
21
1
1
1000
2
110
1000
3
1
1
1000
1000
1
1000
1
1
1
1000
107
1
1000
1
1
167
1000
2
1
1000
1
287
1
2
1
1
1000
1
1000
20
795
1000
1
21
1000
1
1
1
1
487
1000
1
1
1
1000
1000
1000
1
10
156
1000
1000
1000
1000
1000
1
1
444
43
1000
1
45
1
1
1
6
9
1
1000
1
52
1000
50
1000
1000
1000
2
28
1
1
1
1000
1
2
2
1
1
1
1
1000
1000
1000
1000
1000
1
1000
1
1000
1
1000
1
1
1
2
1
2
1
1
1
1
1
1
1
1
1
1000
1000
4
1
8
1
1
1000
1
2
1
1
16
1
1000
1
1
8
1
1
1
30
1
210
15
1
1
1
1
1000
1
4
1000
2
1
1
1000
1
1000
1
1000
1
1
1
1000
1
1000
1000
1
124
1000
