1
1
1000
1000
1000
1000
1
1000
1
695
1000
1000
1
1
2
3
19
1
412
70
2
1
2
1
1000
1
35
76
1
1000
1
1000
258
1000
1
1000
1000
1000
1
1
1000
1
1000
1
3
1
1
1
1000
1
1000
1000
10
1000
1
1000
1000
1000
1
314
1
7
80
1000
1000
685
1
1
12
258
1
1000
1000
609
19
1
1
1000
1
24
1000
3
1
1
1000
1000
1
1000
1
1
1
1000
398
1
18
1
1
47
1000
123
1
1000
1
136
1
1
1
1
1000
2
1000
466
1000
1000
1
7
1000
2
1
1
1
1000
1000
1
1
1
1000
1000
1000
1
18
1000
1000
1000
1000
1000
1000
1
2
16
179
1000
1
1000
1
2
1
3
18
1
1000
1
556
1000
4
1000
1000
1000
2
310
2
1
1
1000
1
1
1
1
1
1
1
1000
1000
1000
1000
841
1
932
1
1000
1
1000
1
1
1
1
1
2
1
2
1
1
1
1
1
1
2
1000
1000
3
1
21
1
1
1000
1
1
1
1
10
1
1000
1
1
113
1
1
1
1000
1
1000
25
1
1
1
1
1000
1
2
1000
2
1
2
1000
1
404
1
1000
1
1
1
246
1
1000
1000
1
1000
1000
