1
1
1000
1000
1000
919
1
1000
1
268
1000
1000
2
3
1
2
7
1
354
45
11
1
1
1
1000
1
2
57
1
1000
2
13
2
1000
1
1000
1000
1000
1
1
1000
1
321
1
7
1
11
1
1000
1
918
1000
14
54
3
1000
1000
1000
2
14
1
8
33
303
1000
122
1
2
6
362
1
1000
1000
632
13
1
1
1000
1
7
305
3
1
18
447
1000
1
1000
1
2
1
1000
160
1
1000
1
1
20
1000
17
1
1000
1
724
1
1
1
1
1000
1
1000
533
843
1000
1
9
1000
1
1
1
1
467
1000
1
1
1
1000
1000
1000
1
12
1000
5
33
1000
1000
1000
1
5
91
191
1000
1
216
1
1
2
2
219
1
1000
1
361
1000
3
763
167
1000
1
48
1
3
1
1000
1
4
8
1
1
1
1
1000
1000
1000
1000
1000
1
1000
1
1000
1
1000
1
6
1
1
1
4
1
1
1
1
1
1
1
1
4
1000
1000
3
2
2
1
1
1000
1
4
1
3
6
1
1000
1
1
71
1
1
1
1000
1
1000
23
1
1
1
1
1000
1
1
1000
4
1
2
1000
1
34
1
469
1
1
1
881
1
1000
1000
1
69
1000
