0.0
-8.0
0.0
-3.9999999999999996
-32.0
-40.0
0.0
-12.0
-20.0
-16.0
-3.9999999999999996
-24.0
-8.0
-3.9999999999999996
0.0
0.0
-16.0
-3.9999999999999996
-3.9999999999999996
0.0
0.0
0.0
-3.9999999999999996
0.0
-16.0
0.0
-8.0
-32.0
0.0
-44.0
-12.0
-32.0
-20.0
-20.0
-44.0
-20.0
-32.0
-28.0
0.0
-24.0
0.0
0.0
-12.0
-16.0
-8.0
0.0
-20.0
0.0
-24.0
-48.0
0.0
0.0
0.0
-16.0
0.0
-20.0
0.0
-24.0
-3.9999999999999996
0.0
-24.0
0.0
-16.0
0.0
-60.0
-24.0
0.0
-3.9999999999999996
-8.0
-3.9999999999999996
-28.0
-24.0
-32.0
-20.0
0.0
-44.0
0.0
-52.0
0.0
-8.0
-8.0
0.0
0.0
-24.0
-8.0
0.0
0.0
-12.0
-28.0
0.0
0.0
0.0
0.0
0.0
0.0
-8.0
0.0
-8.0
-16.0
-8.0
0.0
0.0
-8.0
-12.0
0.0
0.0
0.0
-8.0
-24.0
-3.9999999999999996
0.0
0.0
0.0
-12.0
0.0
-24.0
-44.0
-3.9999999999999996
0.0
0.0
0.0
-3.9999999999999996
0.0
-3.9999999999999996
-32.0
0.0
0.0
-16.0
-24.0
