0.0
0.0
-12.0
0.0
0.0
0.0
0.0
0.0
0.0
0.0
0.0
0.0
0.0
0.0
0.0
-8.0
0.0
0.0
-12.0
0.0
0.0
0.0
0.0
0.0
0.0
0.0
0.0
-12.0
0.0
-3.9999999999999996
0.0
-3.9999999999999996
0.0
0.0
-3.9999999999999996
-3.9999999999999996
0.0
-3.9999999999999996
0.0
0.0
0.0
0.0
0.0
-16.0
-8.0
0.0
-8.0
0.0
-20.0
0.0
-12.0
0.0
0.0
0.0
-3.9999999999999996
-8.0
-20.0
-28.0
0.0
-3.9999999999999996
0.0
-3.9999999999999996
0.0
-3.9999999999999996
0.0
0.0
0.0
0.0
-3.9999999999999996
-8.0
0.0
-3.9999999999999996
0.0
0.0
-3.9999999999999996
0.0
0.0
-20.0
0.0
-8.0
-8.0
-28.0
-32.0
-32.0
0.0
0.0
0.0
-8.0
0.0
-3.9999999999999996
0.0
0.0
0.0
0.0
-8.0
0.0
0.0
0.0
0.0
0.0
0.0
0.0
0.0
0.0
0.0
-3.9999999999999996
0.0
0.0
0.0
0.0
-3.9999999999999996
-8.0
0.0
0.0
0.0
0.0
-8.0
-24.0
0.0
-3.9999999999999996
0.0
0.0
0.0
0.0
0.0
0.0
-3.9999999999999996
-3.9999999999999996
-3.9999999999999996
0.0
0.0
-20.0
0.0
-3.9999999999999996
0.0
0.0
-20.0
0.0
0.0
0.0
0.0
-24.0
0.0
-24.0
-3.9999999999999996
0.0
0.0
-24.0
-12.0
0.0
0.0
0.0
0.0
-16.0
0.0
0.0
0.0
0.0
-3.9999999999999996
0.0
0.0
-16.0
0.0
-8.0
0.0
0.0
-20.0
0.0
-12.0
-8.0
0.0
-16.0
0.0
-3.9999999999999996
-3.9999999999999996
0.0
0.0
-3.9999999999999996
0.0
0.0
0.0
0.0
0.0
-8.0
0.0
0.0
0.0
-8.0
0.0
0.0
0.0
0.0
0.0
0.0
0.0
-16.0
-8.0
-12.0
-20.0
-3.9999999999999996
0.0
0.0
0.0
0.0
-8.0
-3.9999999999999996
-8.0
0.0
0.0
-12.0
0.0
-3.9999999999999996
0.0
-8.0
-3.9999999999999996
0.0
0.0
0.0
0.0
0.0
0.0
-3.9999999999999996
0.0
0.0
0.0
0.0
0.0
0.0
-3.9999999999999996
-3.9999999999999996
0.0
0.0
0.0
0.0
0.0
0.0
0.0
0.0
0.0
0.0
0.0
0.0
0.0
-8.0
-3.9999999999999996
0.0
0.0
-16.0
