0.0
0.8335
0.0
1.0
0.0
0.0
0.947
1.0
0.0
0.0
0.0
0.9715
0.0
0.0
0.0
0.974
0.0
0.993
0.0
0.0
0.0
1.0
0.0715
1.0
0.0
0.0
0.0
0.0
0.942
0.602
0.0
0.0
1.0
0.0
1.0
1.0
0.9735
0.0
0.0
0.0
0.0
1.0
0.804
0.0
0.0
1.0
0.0
0.0
0.0
1.0
0.0
0.0
0.0
1.0
0.0
0.0
0.0
0.9605
0.0
0.0
0.069
0.1565
0.0
0.0
0.0
1.0
0.0
0.0
1.0
1.0
0.967
0.0
0.0
0.0
1.0
1.0
0.0
0.0
0.0
0.0
0.0
0.002
0.0
0.043
0.0
0.0
0.0
0.0
0.9815
0.062
0.1135
0.0
0.0
0.9605
0.749
0.0
1.0
0.0
0.0
0.636
0.0
0.0
0.966
0.0
1.0
0.0
0.298
0.0
0.0
0.0
0.0
0.0
1.0
0.9655
0.0
0.0
0.0175
0.0
0.0
0.0
0.9985
0.0
0.0
1.0
1.0
0.0
0.0
0.964
0.0
0.0
1.0
0.0
0.0
0.0
0.0
0.0575
0.0
0.056
0.0
1.0
0.0
1.0
0.0
0.0
0.0
0.029
0.0
0.5925
1.0
0.355
0.0
0.059
0.077
0.0
1.0
0.0
0.0
0.0
0.0
0.0
0.0
1.0
1.0
0.0
0.0
0.0
0.0
0.0
0.0
0.0
1.0
0.0
1.0
0.0
0.0
0.0
0.97
1.0
0.9835
0.0
0.81
0.0
0.0
0.0
0.0
0.0
0.02
0.7195
0.0
0.0
1.0
0.0
1.0
1.0
0.0
0.0
0.0
0.0
0.0
0.06
0.0
0.0
0.0
1.0
0.0
0.058
0.5
1.0
0.0
0.6035
0.9165
0.0
1.0
1.0
0.0
0.0
1.0
0.9165
0.0
0.0
0.0
0.0
1.0
0.0
0.0
0.894
0.0
0.0
0.0
0.0
0.083
0.0
0.0
0.552
1.0
0.0
1.0
0.0
1.0
0.0
0.0
0.0
1.0
0.9825
0.0
0.0
0.097
0.0
