0.0
0.988
0.0
1.0
0.0
0.5815
1.0
0.5585
0.0
0.0
0.0
1.0
1.0
0.0
0.0
1.0
0.0
1.0
0.0
0.0
0.0
1.0
1.0
1.0
0.318
0.0
0.0
0.0
1.0
1.0
0.0
0.0
1.0
1.0
0.0
0.96
1.0
0.0
1.0
0.0
0.0
1.0
0.0
0.0
0.0
1.0
0.0
0.0
0.0
1.0
0.0
0.0
0.0
1.0
0.0
0.0
0.0
0.9925
0.0
0.0
0.521
0.0
0.0
0.0
1.0
1.0
0.0
0.0
0.0
0.0
0.975
0.0
0.0
0.0
1.0
1.0
1.0
0.0
0.058
0.0
0.0
0.369
0.0
0.059
0.0
1.0
0.0
0.0
1.0
1.0
1.0
0.0
0.0
1.0
1.0
0.0
1.0
0.0
0.0
1.0
0.0
0.0
1.0
0.0
1.0
1.0
0.0
0.0
0.0
0.0
0.117
0.0
1.0
1.0
0.0
0.0
0.94
1.0
0.0
0.0
0.879
1.0
0.0
1.0
1.0
0.0
0.0
0.365
0.3525
0.0
1.0
0.0
0.0
0.0
0.0
1.0
0.0
0.056
0.0
1.0
0.0
1.0
1.0
0.0
0.0
0.1055
0.0
0.9975
0.0
0.9575
0.0
1.0
0.972
0.0
1.0
1.0
0.0
0.0
0.0
0.0
0.0
0.0
1.0
0.0
0.0
0.0
0.0
0.0
0.0
0.0
1.0
0.0
1.0
1.0
0.0
1.0
1.0
1.0
1.0
0.0
0.0
0.0
1.0
0.0
0.813
0.0
1.0
0.0
0.0
0.0
1.0
0.0
1.0
0.0
0.202
1.0
0.0
0.0
0.0
0.9745
0.0
0.0
0.0
1.0
0.0
0.0815
0.0
1.0
0.0
1.0
1.0
0.0
0.368
1.0
0.0
0.0
1.0
1.0
0.0
0.0
1.0
0.0
1.0
1.0
0.0
1.0
0.0
0.0
0.0
0.0
0.0825
0.0
0.0
0.0
0.843
0.0
1.0
0.0
0.0
0.0
0.0
1.0
1.0
1.0
0.0
1.0
0.9845
0.0
