0.0
0.0
1.0
0.0
0.9975
0.0
0.0
0.078
0.427
0.0
0.0
0.0
0.0575
0.0
0.0
0.391
0.0
1.0
0.332
0.0
0.0
0.0
0.0
0.0
0.0335
0.0
0.845
0.0
0.0
0.0935
0.0
1.0
0.0
1.0
1.0
0.0
1.0
0.0
0.0
1.0
1.0
0.0
0.0
0.0
0.0565
0.0
0.0
0.0
0.0
0.979
0.0015
0.0
0.965
0.0
0.0
0.0
0.0
0.035
0.0
0.0
0.0
0.967
0.0
0.0
1.0
0.0
0.878
0.995
0.0
1.0
0.0
0.0
1.0
0.0
1.0
0.0
0.0
1.0
0.0
0.7665
0.0
0.0
0.8175
0.0
0.0
0.0
0.0
0.981
0.0
0.0
1.0
0.0
0.0
0.0
1.0
0.0
1.0
0.0
0.0
1.0
0.9875
0.0
0.0
0.0
0.0
1.0
1.0
0.0
0.0
0.0
0.065
0.0
0.0
0.0
0.0
0.7795
0.0
0.0
0.0
0.0
0.0
1.0
0.0
0.0305
0.2345
0.0
0.0
0.0
0.9895
0.0
0.0
0.0
0.0
1.0
1.0
0.0
0.0
0.0
0.074
0.6635
0.0
0.0
0.0
0.4115
1.0
0.0
0.0
0.0
0.0
1.0
0.0
0.0205
0.0
0.0
0.0
0.0
0.154
0.0
0.0
0.0
1.0
1.0
0.0
0.0
0.0
0.1735
1.0
0.0
0.0
0.0
0.0
0.0
0.0
0.0
1.0
0.0
0.0
0.0
0.0
0.017
0.0
1.0
0.0
0.0
0.0
0.0
0.0915
0.0
0.611
0.0
0.0
0.0
1.0
0.0
0.7465
0.0
0.0
0.5655
0.0
1.0
0.081
0.0
0.0
0.0
0.0
0.941
1.0
0.0
0.0
0.672
