0.0
0.0
1.0
0.0
0.0
0.0815
1.0
0.0
0.0
0.0
1.0
0.0
0.0
0.013
0.0
1.0
0.0
0.0
1.0
0.0
0.0
1.0
0.0
0.0
1.0
1.0
0.0
0.0
0.11
1.0
1.0
0.0
1.0
0.0
1.0
0.0
0.0
0.0
1.0
1.0
0.0
1.0
0.0
0.0
0.0
1.0
0.0
0.0
1.0
0.0
1.0
0.0
1.0
0.0
1.0
1.0
1.0
1.0
0.0
1.0
0.0
0.0
0.0
1.0
0.0
0.0
0.96
0.0
0.0
0.0
1.0
1.0
0.931
0.2455
0.0
0.0
0.985
0.0
0.0
0.0
0.0
1.0
0.0
0.0
0.0
1.0
0.0
1.0
0.0
0.0
0.0
0.0
0.0645
1.0
0.0
0.0
1.0
1.0
1.0
0.0
0.0
0.453
0.0
0.0
1.0
1.0
0.0
0.0
1.0
1.0
0.0
1.0
0.0
1.0
0.0
0.0
1.0
0.0
1.0
0.0
1.0
1.0
0.0
1.0
1.0
0.9815
0.0
0.0
0.0
