0.0
0.0
1.0
0.0
0.895
0.0
0.0
1.0
1.0
0.0
0.0
0.0
0.9895
0.0
0.0
1.0
0.0
1.0
1.0
0.0
0.0
0.0
0.0
1.0
0.0835
0.0
1.0
0.0
1.0
0.0065
0.0
1.0
0.0
1.0
1.0
0.0
1.0
0.0
0.9835
1.0
1.0
0.0
0.0
1.0
0.9795
0.348
0.0
0.0
0.0
1.0
1.0
0.0
1.0
0.0
0.0
1.0
0.0
1.0
0.0
0.3635
0.3735
1.0
1.0
0.0
1.0
0.0
1.0
1.0
0.0
1.0
0.0
0.0
1.0
0.0
1.0
1.0
0.0
1.0
0.0
1.0
0.0
0.0
1.0
0.0
1.0
0.0
0.0
1.0
0.0
1.0
1.0
0.0
0.0
0.0
1.0
0.336
1.0
0.035
0.0
1.0
1.0
1.0
0.0
0.0
0.0
1.0
1.0
0.0
0.0
0.0
0.996
0.0
1.0
0.0
1.0
0.9375
0.0
0.0
0.0
1.0
0.0
1.0
0.5945
0.975
0.0
0.2975
1.0
0.0
0.959
0.1225
0.0
0.0
0.0
1.0
1.0
0.0
0.0
0.0
1.0
1.0
0.0
0.0
0.0
1.0
1.0
0.0
0.0
0.0
1.0
1.0
0.0
0.0955
1.0
0.0
0.0
0.0
0.076
1.0
0.0
0.0
1.0
1.0
0.0
0.6645
0.0
1.0
1.0
0.0
0.9145
0.0
1.0
0.0
0.0
1.0
1.0
0.0
0.0
0.0
1.0
1.0
1.0
1.0
0.0
1.0
0.0
0.0
1.0
0.0
1.0
0.0
1.0
0.0
1.0
0.0
1.0
0.0
0.0
1.0
0.0
1.0
0.997
1.0
0.0
0.0
0.0
0.7605
1.0
0.0
0.0
1.0
