61
1
1000
1000
1000
6
12
1000
1000
1000
1000
1000
1000
2
1000
1000
1000
1
1000
33
164
2
3
5
13
1000
1
1000
2
1000
1000
1000
2
43
1000
1000
1000
1000
9
1000
1000
2
31
1000
1000
10
75
130
1000
1
1000
1000
71
1000
1000
1000
1000
1000
1000
2
2
1000
1000
1000
26
1
11
1000
4
51
5
1000
437
4
4
1
1000
1000
1000
1000
1000
1000
1000
1000
3
2
421
1000
2
1000
37
1000
1000
2
1000
1000
1000
2
1000
1
1
1000
2
1000
9
1000
12
282
1000
1000
1000
1000
88
1000
27
1000
1000
1000
1000
1000
10
4
74
2
10
2
1000
1000
1000
1000
7
1000
5
11
1000
1000
1000
1000
1000
4
1000
1000
14
1000
1000
1000
894
1000
5
25
1000
240
1000
1000
1
31
23
1000
1000
1000
1000
1000
1
1000
32
1000
1000
1000
1000
1000
2
1000
1000
1000
1000
29
2
33
1
1000
26
1000
19
450
1000
1000
1
1000
1000
1000
1
219
1
14
1
1000
1000
1000
1000
1
1000
1
44
3
1000
1000
1000
23
1000
21
1
1000
17
1000
1
526
2
2
3
63
10
228
9
27
71
1
1000
556
3
1000
1000
1000
1000
1000
14
24
2
1000
1000
662
52
28
3
32
1000
45
1000
382
