1000
1000
9
2
86
1000
30
1000
291
1000
227
1000
1000
1000
1000
10
1000
1000
1000
19
234
1
1000
14
1000
39
1000
1000
414
1000
1000
1000
1000
1000
1000
1000
8
1000
2
43
78
1
1000
1000
4
1
1000
1000
1000
1000
1
16
155
1000
2
1000
26
1000
1000
1
1000
1000
1000
1
1000
1000
36
1000
1000
1000
1000
1000
1000
1000
1000
1000
4
1000
3
1000
1000
50
9
1
18
18
1
45
1000
3
508
10
37
1000
1000
1000
1000
1000
1000
4
157
71
712
1000
2
7
1000
1000
1000
1000
69
13
1000
1
1
1000
1000
1000
2
1
28
85
28
12
1000
2
1000
1000
1000
