0.0
0.0
1.0
0.0
0.0
0.0
1.0
0.0
0.0
0.0
1.0
0.0
0.0
0.03
0.0
0.0
0.0
0.0
1.0
1.0
0.0
1.0
0.0
0.0
0.0
0.0
0.0
0.0
0.0
0.9995
0.0
0.0
1.0
0.0
0.009
0.0
0.0
0.0
1.0
0.0
0.0
0.9375
0.0
1.0
0.0
1.0
0.5445
0.0
0.0
0.0
0.934
0.0
0.0
0.0
0.948
0.0
0.0
0.0
0.0
1.0
0.0
0.0
0.0
0.888
0.0
0.0
1.0
0.0
0.0
0.0
0.0
1.0
0.062
0.0
0.0
0.0
0.9865
0.0
0.0
0.0
0.0
1.0
1.0
0.0
0.0
1.0
0.0
1.0
0.0
0.0
0.0
0.0
0.013
0.0
0.0
0.0
1.0
0.33
1.0
0.0
0.0
0.0
0.0
0.0
1.0
0.0
0.0
0.0
0.0
0.059
0.0
0.9855
0.0
0.0
0.0
0.0
0.0475
0.0
0.1625
0.0
1.0
0.964
0.0
1.0
0.0
0.106
0.0
0.0
0.0
