1
1
100
100
100
100
1
100
1
100
100
100
100
40
100
100
100
1
100
100
100
1
1
1
100
1
16
100
1
100
100
100
100
100
100
100
100
100
1
100
100
1
100
100
100
1
100
100
100
100
100
100
100
100
100
100
100
100
1
100
1
100
100
100
100
100
1
100
3
100
1
100
100
100
100
1
100
100
1
100
100
100
1
1
100
100
1
100
1
1
1
100
100
1
100
100
1
100
100
100
11
100
1
100
1
1
1
1
100
1
100
100
100
100
1
100
100
100
1
1
100
100
100
1
1
1
100
100
100
100
17
100
100
100
100
100
100
100
100
25
100
100
1
100
100
1
1
100
100
100
100
1
100
100
70
100
100
100
1
100
100
100
1
100
1
1
1
1
100
100
1
100
100
100
100
100
1
100
1
100
1
100
1
100
1
1
1
100
1
100
1
1
1
1
1
1
100
100
100
23
100
12
1
1
100
1
100
1
1
100
1
100
1
100
20
1
1
1
100
100
100
100
100
1
1
1
100
1
88
100
1
1
100
100
1
100
1
100
1
1
1
100
1
100
100
1
100
100
