1
1
100
100
100
100
15
100
100
61
100
100
100
7
100
100
100
1
100
100
100
1
100
1
100
100
1
100
1
100
100
100
10
100
100
100
100
100
1
100
100
1
100
100
100
1
1
100
100
100
100
100
100
100
100
100
100
100
100
45
1
100
100
100
100
100
100
1
100
100
1
100
100
100
100
1
100
100
100
100
100
100
100
100
100
27
100
100
1
100
1
100
100
1
100
1
1
100
100
7
16
100
1
100
1
100
1
1
100
1
100
100
100
100
1
100
100
100
1
1
100
100
100
1
1
1
100
100
100
100
3
100
100
100
100
100
100
100
100
13
100
100
100
100
1
1
1
100
100
26
100
1
100
100
3
100
100
100
100
100
100
100
1
100
1
1
100
100
1
1
1
100
100
100
100
100
1
100
1
100
1
100
1
100
1
100
1
100
100
100
1
1
1
1
1
1
100
100
100
100
1
100
1
1
100
2
100
1
100
2
1
100
1
100
7
1
1
1
100
100
100
100
1
1
1
1
100
100
3
100
100
100
100
100
45
100
1
100
1
1
1
100
1
100
100
1
100
100
