1
1
100
100
100
100
1
100
100
100
100
100
100
100
100
100
100
1
100
100
100
1
68
1
100
1
100
100
1
100
1
100
6
91
1
100
100
100
1
100
100
1
100
1
100
1
100
1
100
100
100
100
100
100
100
100
100
100
100
14
1
1
100
100
100
100
1
100
14
100
1
100
100
100
100
1
100
100
1
100
100
1
100
1
100
29
1
100
1
100
1
100
100
1
100
1
1
100
100
41
100
100
1
100
1
1
1
1
100
100
100
100
100
100
1
100
100
1
100
100
100
100
100
1
1
1
100
100
100
1
100
100
100
100
100
100
100
1
1
100
100
100
1
100
1
1
100
100
100
100
100
1
100
100
13
100
100
100
100
100
1
100
1
100
1
100
100
1
100
1
1
100
100
100
100
100
1
100
1
100
1
100
1
1
100
100
1
100
1
1
1
1
1
1
1
100
1
100
100
100
1
100
100
1
100
1
100
1
100
100
1
100
1
100
100
1
1
1
100
100
100
100
1
1
1
1
100
1
12
100
100
1
100
100
1
100
1
100
1
1
1
100
1
100
100
1
100
100
