1
1
100
100
100
100
6
100
1
100
100
100
100
100
1
100
100
1
100
100
100
1
1
1
46
100
2
100
100
100
100
100
12
100
100
100
100
100
1
100
100
1
100
100
1
2
100
1
100
9
100
100
100
100
1
100
100
100
100
31
1
100
100
100
4
100
1
1
100
100
1
100
100
100
100
1
100
100
100
100
100
100
100
100
100
100
1
100
1
100
1
100
100
1
100
100
1
100
100
5
30
100
1
100
1
100
1
1
100
1
100
100
100
100
1
100
100
100
100
1
100
100
100
1
1
1
100
100
100
100
19
100
100
100
100
100
100
1
1
9
100
100
13
100
100
1
1
100
100
83
100
1
100
100
5
100
100
100
100
100
100
100
1
100
1
100
100
1
1
1
1
100
100
100
100
100
1
100
1
100
1
100
1
100
1
100
1
100
100
100
79
1
1
1
1
100
1
100
100
14
1
62
1
1
100
1
100
1
100
10
1
100
1
100
18
100
1
1
7
100
100
100
1
1
1
1
100
100
9
100
100
100
1
100
21
100
1
100
1
1
1
100
1
100
100
1
100
100
