1
1
100
100
100
100
1
100
100
100
100
100
100
36
100
100
100
1
100
100
100
1
1
1
100
1
7
100
1
100
100
100
41
100
100
100
100
100
1
100
100
1
100
100
100
1
100
1
100
33
100
100
100
100
100
100
100
100
100
3
1
100
100
100
100
100
1
1
100
100
1
100
100
8
100
1
100
100
100
100
100
100
100
100
90
100
1
100
1
100
1
100
100
1
100
100
1
100
100
100
5
100
1
100
1
100
1
1
100
100
100
100
100
100
1
100
100
1
100
100
100
100
100
1
1
1
100
100
100
100
100
100
100
100
100
100
100
100
100
8
100
100
100
100
100
1
1
100
100
74
100
100
100
100
3
100
100
100
100
100
100
100
1
100
1
100
100
100
100
100
1
100
100
100
100
100
1
41
1
100
1
100
1
100
1
1
1
100
100
1
23
1
1
1
1
100
1
100
100
100
100
1
1
1
100
1
100
1
100
100
1
100
1
100
7
1
1
1
100
100
100
100
1
1
1
1
100
1
7
100
100
100
100
100
1
100
1
100
1
1
1
100
1
100
100
1
100
100
