1
1
100
100
100
100
1
100
100
100
100
100
100
29
100
100
100
1
100
100
100
1
1
1
100
1
8
100
1
100
100
100
2
100
100
100
100
100
1
100
100
1
100
100
100
1
100
1
100
100
100
100
100
100
1
100
100
100
1
100
1
100
100
100
100
100
1
1
3
100
61
100
100
100
100
1
100
100
1
100
100
100
100
100
100
100
1
100
1
1
1
100
100
1
100
100
100
100
100
2
36
100
1
100
1
100
1
1
100
100
100
100
100
100
1
100
100
1
100
100
100
100
100
1
1
1
100
100
100
100
50
100
100
100
100
100
100
1
100
45
100
100
1
100
1
1
1
100
100
63
100
1
100
100
15
100
100
100
1
100
1
100
1
100
1
1
100
100
1
1
1
100
100
100
100
100
1
100
1
100
1
100
1
100
1
1
1
100
1
100
1
1
1
1
1
100
100
100
100
52
1
11
1
1
100
1
100
1
1
4
1
100
1
100
11
1
1
1
100
100
100
100
1
1
1
1
100
1
3
100
1
1
1
100
100
100
1
100
1
1
1
100
1
100
100
1
100
100
