1
1
100
100
100
100
1
100
100
24
100
100
100
6
100
100
100
1
100
100
100
1
1
1
100
100
100
100
1
100
100
100
7
100
100
100
100
100
1
100
100
1
100
100
100
1
100
13
100
34
100
100
100
100
100
100
100
100
100
78
1
100
100
100
100
100
2
100
2
100
1
100
100
100
100
1
100
100
100
100
100
100
100
100
100
100
1
100
1
100
1
100
100
1
100
1
1
100
100
6
5
100
1
100
1
100
1
1
100
100
100
100
100
100
1
100
100
1
100
1
100
2
100
1
1
1
100
100
100
1
7
100
100
100
100
100
100
100
1
35
100
100
11
100
1
100
1
100
100
100
100
100
100
100
1
100
100
100
1
100
100
100
1
100
1
100
100
100
100
100
1
100
100
100
100
100
1
100
1
100
1
100
1
100
1
1
1
100
100
1
5
100
1
1
1
100
100
100
100
4
1
100
100
1
100
2
100
1
100
100
1
100
1
100
5
100
1
1
100
100
77
100
100
1
100
1
100
1
2
100
100
1
100
100
1
100
1
100
1
1
1
100
1
100
100
1
100
100
