100
100
100
100
100
100
100
100
100
4
100
100
100
100
100
5
100
100
100
64
100
100
100
100
100
100
100
100
100
100
100
100
100
100
100
100
100
76
100
100
100
100
2
100
100
100
100
100
100
100
100
100
100
100
100
100
100
100
100
23
84
100
100
100
100
100
100
100
100
100
100
100
100
100
100
100
100
100
100
34
100
100
100
78
100
100
100
100
100
100
100
100
3
100
100
100
100
100
100
100
100
100
100
100
100
100
100
100
100
100
100
100
100
100
100
100
100
100
100
11
100
100
100
100
100
100
100
100
100
