1
1
100
100
100
100
1
100
100
100
100
100
100
3
100
100
100
1
100
100
100
1
1
1
100
1
2
100
1
100
100
100
44
100
100
100
100
100
1
100
100
1
100
100
100
1
100
100
100
100
100
100
100
100
100
100
100
100
100
40
1
100
100
100
100
100
1
100
6
100
22
100
100
100
100
1
100
100
100
100
100
100
100
100
100
100
1
100
1
1
1
100
100
1
100
100
1
100
100
5
13
100
1
100
1
100
1
1
100
100
100
100
100
100
1
100
100
1
100
1
100
100
100
1
1
1
100
100
100
1
2
100
100
100
100
100
100
1
100
100
100
100
1
100
1
100
1
100
100
93
100
1
100
100
4
40
100
100
100
4
100
1
1
100
1
1
100
1
100
100
1
100
100
100
100
100
1
100
1
100
1
100
1
100
1
1
1
100
1
1
39
1
1
1
1
100
100
100
100
100
100
100
100
1
100
1
100
1
100
100
1
100
58
100
10
1
1
1
100
100
100
100
22
1
1
1
100
1
5
100
1
1
100
100
1
100
1
100
100
1
1
100
1
100
100
1
100
100
