1
1
100
100
100
100
1
100
1
100
100
100
100
6
1
100
100
1
100
100
100
1
1
1
100
1
17
100
1
100
100
100
4
100
100
100
100
100
1
100
100
1
100
100
100
100
100
8
100
57
100
100
100
100
1
100
100
100
1
1
1
100
100
100
100
100
1
100
5
100
1
100
100
100
100
1
100
100
1
100
100
100
1
100
100
100
1
100
1
100
1
100
100
1
100
100
1
100
100
22
100
100
1
100
1
100
1
1
100
100
100
100
10
100
1
100
100
100
100
1
100
5
100
1
1
1
100
100
100
1
100
100
100
100
100
100
100
100
1
11
100
100
1
100
1
1
1
100
100
100
100
1
100
100
6
100
100
100
100
100
100
1
1
100
1
100
100
100
100
1
1
100
100
100
100
100
1
100
1
100
1
100
1
100
1
1
1
100
100
1
1
1
1
1
1
100
1
100
100
100
100
26
100
1
100
1
100
1
1
3
1
100
1
100
100
1
1
1
100
100
100
100
1
1
1
1
100
1
3
100
100
1
100
100
1
100
1
100
1
1
1
46
1
100
100
1
100
100
