1
1
100
100
100
14
1
100
1
100
100
100
100
29
100
100
100
1
100
100
100
1
39
1
100
1
4
100
1
100
100
100
12
100
100
100
100
100
1
100
100
1
100
100
100
100
100
13
100
62
100
100
100
100
100
100
100
100
100
5
1
100
100
100
100
100
1
100
11
100
1
100
100
100
100
1
100
100
1
100
100
100
100
100
100
43
1
100
1
100
1
100
100
1
100
1
1
100
100
10
11
100
1
100
1
100
1
1
100
100
100
100
100
100
1
100
100
100
1
1
100
100
100
1
1
1
100
100
100
1
4
100
100
100
100
100
100
1
1
40
100
100
1
100
1
1
1
100
100
3
100
1
100
100
19
100
100
100
100
100
100
100
1
100
1
1
100
100
100
1
1
100
100
100
100
100
1
100
1
100
1
100
1
100
1
1
1
100
1
1
1
1
1
1
1
100
100
100
100
100
100
100
100
1
100
16
100
1
1
100
1
100
1
1
94
1
1
1
100
100
100
100
1
1
1
1
100
1
59
100
100
100
100
100
1
100
1
100
1
1
1
100
1
100
100
1
100
100
