1
41
100
100
100
100
100
100
1
100
100
100
100
13
100
100
100
1
100
100
100
1
1
1
100
1
1
100
1
100
100
100
2
100
100
100
100
100
1
100
100
1
100
100
100
1
100
100
100
93
100
100
100
100
100
100
100
100
100
1
1
100
100
100
100
100
82
100
3
100
1
100
100
29
100
1
100
100
100
100
100
100
100
100
100
100
1
100
1
100
1
100
100
1
100
100
1
100
100
4
7
100
1
100
14
100
1
1
100
100
100
100
100
100
1
100
100
100
100
1
100
100
100
1
1
1
100
100
100
100
33
100
100
100
100
100
100
100
100
10
100
100
1
100
1
1
1
100
100
70
100
1
100
100
3
100
100
100
100
100
1
100
1
100
1
100
100
100
100
100
1
100
100
100
100
100
1
79
1
100
1
100
1
100
1
100
1
100
100
1
1
1
1
1
1
100
100
100
100
2
1
100
100
1
100
100
100
1
100
100
1
100
1
100
20
1
1
1
100
100
69
100
1
1
1
1
100
1
1
100
100
1
100
100
15
100
1
100
1
1
1
100
1
100
100
1
100
100
