100
5
100
100
100
100
1
100
100
100
100
100
100
28
100
100
100
1
100
100
100
1
22
1
100
1
100
100
1
100
100
100
3
100
100
100
100
100
1
100
100
1
100
100
100
4
100
100
100
100
100
100
100
100
100
100
100
100
100
4
1
100
100
100
100
100
1
100
1
68
32
100
100
100
100
1
100
100
1
100
100
100
100
100
8
100
100
100
1
100
1
100
100
1
100
100
1
100
100
4
10
100
1
100
1
100
1
1
100
100
100
100
100
100
1
100
100
100
1
1
100
100
100
1
1
1
100
100
100
1
100
100
100
100
100
100
100
100
100
100
100
100
1
100
1
100
100
100
100
13
100
1
100
100
6
100
100
100
100
100
100
100
1
100
1
1
100
100
100
1
1
100
100
100
100
100
1
100
1
100
1
100
1
100
1
100
1
100
100
100
15
1
1
1
1
100
100
100
100
100
100
100
100
1
100
100
100
1
100
100
1
100
1
100
2
100
1
1
100
100
100
100
1
1
1
1
100
1
1
100
100
1
100
100
1
100
1
100
1
1
1
100
1
100
100
1
100
100
