1
1
100
100
100
100
1
100
1
100
100
100
100
11
1
100
100
1
100
100
100
1
1
1
100
1
6
100
1
100
100
100
19
100
100
100
100
100
1
100
100
1
100
100
1
1
100
100
100
100
100
100
100
100
100
100
100
100
1
62
1
100
100
100
100
100
1
1
100
100
1
100
100
100
100
1
100
100
1
100
100
100
1
100
100
100
1
100
1
100
1
100
100
1
100
1
1
100
100
23
100
100
1
100
1
100
1
1
100
1
100
100
100
100
1
100
100
1
1
100
100
100
100
1
1
1
100
100
100
1
14
100
100
100
100
100
100
100
1
35
100
100
1
100
1
1
1
100
100
100
100
1
100
100
4
100
100
100
100
100
1
1
1
100
1
1
100
100
1
1
1
100
100
100
100
100
1
100
1
100
1
100
1
100
1
1
1
1
1
1
1
100
1
1
1
100
1
100
100
100
100
100
1
1
100
1
100
1
100
6
1
100
1
100
73
1
1
1
100
100
100
100
1
1
100
1
100
1
80
100
1
1
1
100
1
100
1
100
1
100
1
100
1
100
100
1
100
100
