1
26
100
100
100
100
1
100
100
100
100
100
100
100
100
100
100
1
100
100
100
1
1
1
100
1
3
100
1
100
100
100
9
100
1
100
100
100
1
100
100
1
100
1
100
1
100
1
100
12
100
100
100
100
100
100
100
100
100
10
1
100
100
100
100
100
1
100
100
100
1
100
100
16
100
1
100
100
1
100
100
100
100
100
100
100
1
100
1
100
1
100
100
1
100
1
1
100
100
6
3
100
1
100
1
100
1
1
100
1
100
100
100
100
1
100
100
100
100
100
100
100
100
1
1
1
100
100
100
100
100
100
100
100
100
100
100
100
100
100
100
100
1
100
100
1
100
100
100
2
100
1
100
100
6
100
36
100
2
100
100
100
1
100
1
1
100
1
100
100
1
100
100
100
100
100
1
100
1
100
1
100
1
1
1
1
1
100
1
1
37
1
1
1
1
100
1
100
100
100
1
9
100
1
100
1
100
1
100
100
1
100
1
100
100
1
1
1
100
100
100
100
1
1
1
1
100
1
10
100
100
1
1
100
1
100
1
100
1
1
1
100
1
100
100
1
100
100
