100
100
100
100
100
100
100
100
100
25
100
100
100
100
100
22
100
100
100
35
100
100
100
100
100
100
100
100
100
100
100
100
100
100
100
100
100
10
100
100
100
100
21
100
100
100
100
100
100
100
100
100
100
100
100
100
100
100
100
7
9
100
100
100
100
100
100
100
100
100
100
100
100
100
100
100
100
100
100
100
100
100
100
40
100
100
100
100
100
100
100
100
19
100
100
100
100
100
100
100
100
100
100
100
100
100
100
100
100
3
100
100
100
100
100
100
100
100
100
6
100
100
100
100
100
100
100
100
100
