100
100
100
100
100
58
100
100
100
25
100
100
100
100
100
100
100
100
100
70
100
100
100
100
100
100
100
8
100
100
100
100
100
100
100
100
100
19
100
100
100
100
100
100
100
100
100
100
100
100
100
100
43
100
100
100
100
100
100
12
38
100
100
100
100
100
100
100
100
100
100
100
100
100
100
100
62
100
100
100
100
100
100
55
100
100
100
100
84
100
100
100
30
100
100
100
100
100
100
100
100
100
100
100
100
100
100
100
70
100
100
100
100
100
100
100
100
100
100
3
100
100
100
100
100
100
100
100
100
