1
1
100
100
100
100
1
100
100
100
100
100
100
37
1
100
100
1
100
100
100
1
1
1
100
1
2
100
1
100
100
100
25
100
100
100
100
100
1
100
100
1
100
1
1
1
100
100
100
100
100
100
38
100
100
100
100
100
1
100
1
100
100
100
100
100
1
1
100
100
1
100
100
100
100
1
100
100
1
100
100
1
1
1
100
100
1
100
1
100
1
100
100
1
100
1
1
100
100
22
100
100
1
100
1
100
1
1
100
1
100
100
100
100
1
100
100
1
1
100
100
100
100
1
1
1
100
100
100
1
100
100
100
100
100
100
100
1
100
37
100
100
1
100
1
1
1
1
100
100
100
1
100
100
22
100
100
100
1
100
1
100
1
100
1
100
1
1
100
1
1
100
100
100
100
100
1
100
1
100
1
100
1
100
1
1
1
100
1
1
1
1
1
1
1
100
1
100
100
47
1
100
100
1
100
1
100
1
100
100
1
100
1
100
28
1
1
1
100
100
100
100
1
1
1
1
100
1
13
100
100
1
1
100
1
100
1
100
1
1
1
100
1
100
100
1
100
100
