1
12
100
100
100
100
1
100
1
100
100
100
100
100
1
100
100
1
100
100
100
1
1
1
100
1
23
100
1
100
100
100
59
100
1
100
100
100
1
100
100
1
100
100
1
1
100
1
100
41
100
100
100
100
100
100
100
100
1
100
1
100
100
100
100
100
1
100
22
100
1
100
100
100
100
1
100
100
100
100
100
100
1
100
100
100
1
100
1
1
1
100
100
1
100
1
1
100
100
100
6
100
1
100
1
100
1
1
100
1
100
100
100
100
1
100
100
1
1
1
100
100
100
1
1
1
100
100
100
100
100
100
100
9
100
100
100
1
1
15
100
100
1
100
1
1
1
100
100
53
100
1
100
100
26
100
100
100
1
100
1
1
1
100
1
1
1
100
100
1
1
100
100
100
100
100
1
100
1
100
1
100
1
1
1
1
1
100
1
100
1
1
1
1
1
1
100
100
100
100
1
100
1
1
100
1
100
1
1
100
1
100
1
100
100
1
1
1
100
100
100
100
1
1
1
1
100
1
15
100
100
1
100
100
1
100
1
100
1
1
1
100
1
100
100
1
100
100
