1
1
100
100
100
100
1
100
1
100
100
100
100
52
1
100
100
1
100
100
100
1
100
1
100
1
11
100
1
100
100
100
26
100
1
100
100
100
100
100
100
1
100
100
100
1
100
1
100
29
100
100
100
100
100
100
100
100
1
13
1
100
100
100
100
100
1
1
100
100
1
100
100
100
100
1
1
100
100
100
100
100
1
100
100
100
1
100
1
1
1
100
100
1
100
100
1
100
100
100
99
100
1
100
1
100
1
1
100
100
100
100
100
100
1
100
100
1
100
100
100
100
100
1
1
1
100
100
100
1
100
100
100
100
100
100
100
100
100
25
100
100
1
100
1
1
1
100
100
100
100
1
100
100
100
100
100
100
100
100
100
1
1
100
1
100
1
1
1
1
1
100
100
100
100
100
1
100
1
100
1
100
1
100
1
1
1
1
1
1
1
1
1
1
1
1
1
100
100
31
1
100
1
1
100
1
1
1
1
100
1
100
42
100
34
1
1
1
100
100
100
100
1
1
1
1
100
1
6
100
1
1
100
100
1
100
1
100
1
1
1
100
1
100
100
1
100
100
