1
1
100
100
100
100
1
100
100
100
100
100
100
24
1
100
100
1
100
100
100
1
1
1
100
1
3
100
11
100
1
100
15
100
100
100
100
100
1
100
100
1
100
1
100
1
100
1
100
100
100
100
100
100
1
100
100
100
100
100
1
100
100
100
100
100
1
1
5
100
1
100
100
100
100
1
100
100
100
100
100
100
100
100
59
100
1
100
1
1
1
100
100
1
100
100
1
100
100
2
100
100
1
100
1
100
1
1
100
1
100
100
100
100
1
100
100
100
1
1
100
100
100
1
1
1
100
100
100
1
100
100
100
100
100
100
100
100
1
100
100
100
1
100
1
1
1
100
100
13
100
1
100
100
6
100
100
100
100
100
100
100
1
100
1
1
100
1
100
100
1
100
100
100
100
100
1
86
1
100
1
100
1
100
100
100
1
100
1
100
1
1
1
1
1
1
100
100
100
16
100
29
1
1
100
1
100
1
100
100
1
100
1
1
17
1
1
1
100
100
100
100
1
1
1
1
100
1
18
100
100
100
100
100
1
100
1
100
100
1
1
100
1
100
100
1
100
100
