1
1
100
100
100
100
1
100
1
100
100
100
100
29
1
100
100
1
100
100
100
1
1
1
100
1
100
100
1
100
1
100
18
100
1
100
100
100
1
100
100
1
100
1
100
1
100
100
100
12
100
100
100
100
1
100
100
100
1
30
1
100
100
100
100
100
1
1
100
100
98
100
100
100
100
1
100
100
100
100
100
100
100
1
100
100
1
100
1
1
1
100
100
1
100
1
1
100
100
100
47
100
1
100
100
1
1
1
100
100
100
100
100
100
1
100
100
1
100
1
100
100
100
1
1
1
100
100
100
1
4
100
100
100
100
100
100
1
1
52
100
100
1
100
1
1
1
100
100
100
100
1
100
100
12
100
100
100
100
100
100
100
1
100
1
1
1
1
1
1
1
100
100
100
100
100
1
100
1
100
1
100
1
1
1
1
1
100
100
1
1
1
1
1
1
100
1
100
100
100
100
100
1
1
100
1
100
1
100
100
1
100
1
1
70
1
1
1
100
100
100
100
1
1
100
1
100
100
55
100
1
1
1
100
1
100
1
100
1
1
1
6
1
100
100
1
100
100
