1
1
100
100
100
100
1
100
100
100
100
100
100
8
100
100
100
1
100
100
100
1
100
1
100
1
100
100
1
100
100
100
23
2
100
100
100
100
1
100
100
1
100
100
100
1
100
1
100
100
100
100
100
100
100
100
100
100
100
14
1
100
100
100
100
100
1
100
100
100
1
100
100
100
100
1
100
100
100
100
100
100
100
100
93
100
1
100
1
100
1
100
100
1
100
100
1
100
100
8
95
100
1
100
1
100
1
1
100
100
100
100
100
100
1
100
100
100
100
1
100
25
100
1
1
1
100
100
100
100
3
1
100
3
100
100
100
1
100
100
100
100
1
100
100
1
100
100
100
21
100
1
100
100
8
100
100
100
1
100
100
100
1
100
1
100
100
1
1
100
1
100
100
100
100
100
1
100
1
100
1
100
1
100
1
100
1
100
100
100
1
1
1
1
1
100
100
100
100
7
100
68
100
1
100
100
100
1
100
100
1
100
13
100
15
100
1
1
100
100
100
100
1
1
1
1
100
1
1
100
1
100
100
100
1
100
1
100
1
1
1
100
1
100
100
1
100
100
