1
1
100
100
100
100
1
100
1
100
100
100
100
34
100
100
100
1
100
100
100
1
1
1
100
1
2
100
1
100
100
100
27
100
100
100
100
100
1
100
100
1
100
1
100
1
100
1
100
100
100
100
63
100
100
100
100
100
1
11
1
100
100
100
6
100
1
1
100
100
100
100
100
100
100
1
1
100
1
100
100
100
1
100
100
100
1
100
1
1
1
100
100
1
100
100
1
100
100
12
63
100
1
100
1
100
1
1
100
1
100
100
100
100
1
100
100
1
1
1
100
100
100
1
1
1
100
100
100
1
5
100
100
100
100
100
100
100
1
100
100
100
1
100
1
1
1
100
100
100
100
1
100
100
27
100
100
100
1
100
100
100
1
100
1
100
100
100
1
1
1
100
100
100
100
100
1
100
1
100
1
100
1
1
1
100
1
1
100
1
1
1
1
1
12
100
1
100
100
56
1
100
1
1
100
1
1
1
1
100
1
100
1
1
100
1
1
1
100
100
100
100
1
1
1
1
100
100
22
100
100
1
100
100
1
100
1
100
1
1
1
100
1
100
100
1
100
100
