1
1
100
100
100
100
1
100
1
100
100
100
100
100
100
100
100
1
100
100
100
1
1
1
100
1
2
100
1
100
100
100
5
100
100
100
100
100
1
100
100
1
100
100
100
1
100
1
100
62
100
100
100
100
100
100
100
100
1
7
1
100
100
100
26
100
1
100
100
100
1
100
100
100
100
1
100
100
100
100
100
100
100
100
100
16
1
100
1
100
100
100
100
1
100
1
1
100
100
100
2
100
1
100
1
100
1
1
100
100
100
100
100
100
1
100
100
1
100
1
100
100
100
1
1
1
100
100
100
1
4
100
100
100
100
100
100
100
1
24
100
100
1
100
100
1
1
100
100
100
100
1
100
100
5
100
100
100
1
100
1
100
1
100
1
100
100
1
1
1
1
100
100
100
100
100
1
100
1
100
1
100
1
1
1
100
1
100
1
1
8
1
1
1
1
100
100
100
100
15
100
53
1
1
100
26
100
1
100
100
1
100
1
100
8
100
1
1
100
100
100
100
100
1
100
1
100
1
7
100
100
1
100
100
1
100
1
100
1
1
1
100
1
100
100
1
100
100
