2
2
100
100
100
1
1
100
4
100
100
100
100
100
14
35
29
1
100
100
100
2
1
1
17
2
29
100
1
100
15
100
43
2
10
15
100
100
2
70
100
1
100
3
1
1
12
1
100
100
100
100
60
100
2
100
100
7
4
96
1
14
98
100
100
100
1
2
35
100
1
100
100
5
100
3
8
100
1
100
100
100
100
70
7
100
1
100
1
5
2
100
100
1
100
1
1
27
100
9
23
100
1
100
1
18
2
1
100
4
100
100
100
100
1
46
100
1
6
1
100
100
100
3
1
1
100
100
100
1
1
48
6
100
100
100
100
6
2
50
100
100
2
100
6
1
2
100
100
2
18
1
100
100
45
100
76
100
9
100
4
2
1
42
3
2
5
3
7
3
1
100
100
100
100
32
1
100
2
100
1
100
1
3
3
1
1
11
4
1
1
2
1
1
1
11
2
100
100
48
2
16
6
1
100
1
6
1
24
21
3
100
1
4
33
2
1
1
19
8
100
100
1
1
3
1
100
2
5
100
4
2
7
8
2
100
1
100
1
2
1
100
1
100
100
1
100
100
