1
1
100
100
100
8
2
100
1
100
100
100
100
100
2
19
100
1
100
100
100
1
3
1
7
2
13
100
1
100
4
100
100
6
1
18
100
100
2
100
100
1
100
3
3
2
8
2
100
100
100
100
16
100
4
100
100
21
2
100
1
6
16
100
100
100
1
11
1
100
1
100
100
2
100
1
2
100
3
100
100
77
3
8
5
5
1
100
1
2
4
100
100
1
100
4
1
100
100
19
6
100
1
100
2
1
1
2
100
1
100
100
100
100
1
16
100
1
5
1
48
100
100
2
1
2
100
100
100
3
14
100
17
100
100
100
100
9
3
100
100
100
1
100
1
3
1
4
100
7
24
1
100
100
6
100
24
100
1
100
19
2
1
40
1
2
2
11
3
1
2
100
100
100
100
6
1
100
2
100
1
100
1
6
1
1
1
5
2
2
1
1
1
1
2
1
9
100
100
56
2
74
2
1
100
1
10
1
1
49
3
100
1
6
100
3
1
1
44
22
100
100
1
1
1
1
100
1
30
100
6
1
1
7
2
100
1
100
1
2
1
100
2
100
100
1
100
100
