1
1
100
100
100
20
5
100
5
100
100
100
100
100
2
2
78
1
100
100
100
1
2
1
13
1
14
100
1
100
3
100
100
3
1
32
100
100
1
46
100
1
100
2
2
1
27
1
100
100
100
100
100
100
1
100
100
55
1
38
1
4
100
100
100
100
1
2
65
100
1
100
100
11
100
1
1
100
2
100
100
4
5
11
1
100
1
100
1
1
1
100
100
1
100
1
1
100
100
1
8
100
1
100
1
6
1
2
100
2
100
100
100
100
1
18
100
1
4
1
16
100
100
2
1
3
100
100
100
4
100
100
4
100
100
100
100
3
2
100
100
100
1
100
1
1
1
7
100
6
50
1
100
100
12
100
36
100
1
100
1
1
1
100
1
1
1
1
5
2
1
100
100
100
100
34
3
100
1
100
1
100
1
2
1
1
1
2
2
1
1
1
1
1
1
5
1
100
100
100
1
100
1
1
100
1
5
1
3
20
1
100
1
3
100
1
1
1
18
6
100
100
3
1
2
1
100
1
6
100
6
1
1
100
1
100
1
100
1
1
1
100
1
100
100
1
100
100
