6
2
100
100
100
4
1
100
8
100
100
100
100
2
100
100
100
3
100
100
100
5
3
1
23
14
7
100
2
100
46
100
41
1
43
4
100
100
1
87
100
3
100
100
100
2
59
3
100
100
100
100
61
100
100
100
100
100
100
28
1
100
100
100
100
100
1
51
4
100
1
100
100
1
100
1
55
100
100
100
100
100
100
100
13
84
1
100
1
100
2
100
100
1
100
100
1
7
100
1
20
100
2
100
3
100
1
7
100
10
100
100
100
100
2
100
100
8
4
12
100
100
35
1
1
16
100
100
100
37
28
5
1
100
100
100
100
38
80
29
100
100
2
100
1
29
7
100
100
3
7
2
100
100
1
100
7
100
100
100
12
17
1
100
2
7
100
2
70
25
1
100
100
100
100
27
3
100
1
100
2
100
1
30
3
3
1
100
3
1
1
20
2
1
1
100
100
100
100
36
11
7
10
1
100
5
100
1
100
2
1
100
2
100
86
1
2
1
6
54
100
100
3
1
1
1
100
9
10
100
22
1
100
100
5
100
5
100
3
1
1
100
1
100
100
1
100
100
