1
1
100
100
100
4
1
100
1
100
100
100
100
100
1
8
14
1
100
100
100
1
1
1
15
1
8
100
1
100
5
100
100
38
2
29
100
100
1
100
24
2
100
1
3
1
42
3
100
100
100
100
100
100
1
100
100
49
4
100
1
3
100
100
100
100
1
2
44
100
1
100
100
1
100
1
3
100
4
100
100
6
11
8
39
100
2
100
1
6
2
100
100
1
100
1
1
100
100
2
32
100
1
100
1
4
3
1
100
7
100
100
100
100
1
48
100
2
4
2
35
100
100
1
1
3
100
100
100
1
72
100
5
100
100
100
100
1
1
100
100
100
1
100
1
1
1
4
100
4
11
1
100
100
27
100
14
100
4
100
9
1
1
100
1
1
8
1
1
1
1
100
100
100
100
8
2
100
1
100
1
100
1
1
1
2
1
1
1
6
1
1
1
1
1
3
2
100
100
100
2
100
1
1
100
2
3
1
1
4
2
100
1
3
100
1
1
1
65
100
100
100
1
1
1
2
100
1
1
100
1
1
3
100
1
100
1
100
1
1
1
100
1
100
100
1
100
100
