6
2
100
100
100
9
1
100
100
100
100
100
100
100
10
100
100
1
100
100
100
1
1
1
1
14
30
100
2
100
34
100
16
7
2
2
100
100
4
21
56
1
100
15
50
4
52
7
100
100
100
100
43
100
50
100
100
11
1
70
1
100
100
100
100
100
1
50
18
100
1
100
100
4
100
1
91
100
29
100
100
100
100
100
38
100
3
100
1
7
1
100
100
1
100
1
1
66
100
11
2
100
1
100
1
100
2
1
100
51
100
100
100
100
1
74
100
1
35
7
69
100
65
1
1
1
100
100
100
2
100
100
1
100
100
100
100
37
39
44
100
100
1
100
2
11
1
100
100
2
60
1
100
100
2
100
1
100
15
100
32
27
1
100
3
5
100
39
13
7
1
100
100
100
100
20
1
35
1
100
1
100
1
55
1
1
2
100
1
5
1
1
3
1
1
15
9
100
100
100
15
3
1
1
100
1
100
1
13
1
1
100
1
100
6
3
1
1
20
26
100
100
1
1
1
3
100
1
6
100
8
1
16
39
3
100
1
100
1
3
1
100
1
100
100
1
100
100
