9
2
100
100
100
2
1
100
38
100
100
100
100
100
17
100
6
1
100
100
100
1
10
2
5
1
18
100
2
100
51
100
59
8
18
6
100
100
1
66
100
1
100
74
73
1
61
7
100
100
100
100
100
100
100
100
100
45
13
100
1
100
4
100
100
73
1
28
8
100
3
100
100
2
100
1
44
100
24
100
100
100
100
100
31
66
4
100
1
3
6
100
100
1
100
39
1
4
100
5
15
100
1
100
1
34
1
2
100
14
100
100
100
100
7
88
100
14
4
3
2
100
100
1
1
6
100
100
100
1
100
56
10
100
100
100
100
7
21
100
100
100
3
100
2
7
6
100
100
11
17
1
100
100
10
100
10
100
1
100
100
1
1
100
1
3
48
49
1
4
1
100
100
100
100
17
3
100
1
100
2
100
1
15
5
1
2
100
1
1
2
2
2
1
1
25
14
100
100
32
3
3
2
1
100
2
100
1
24
14
1
100
1
100
100
5
1
1
12
28
100
100
4
1
5
3
100
2
2
100
19
4
19
3
1
100
2
100
1
1
1
100
1
100
100
1
100
100
