1
2
100
100
100
33
1
100
3
100
100
100
100
100
2
1
100
1
100
100
100
1
1
1
17
1
100
100
1
100
4
100
100
2
1
90
100
100
1
100
100
1
100
1
2
2
98
1
100
100
100
100
100
100
1
100
100
35
4
100
1
1
5
100
100
100
1
1
6
100
1
100
100
8
100
1
4
100
1
100
100
2
5
3
1
100
1
100
1
1
2
100
100
1
100
3
1
100
100
20
26
100
1
100
1
1
1
1
100
1
100
100
100
100
1
92
100
1
1
1
100
100
100
1
1
1
100
100
100
1
100
100
13
100
100
100
100
1
1
100
100
100
1
100
1
1
6
4
100
4
10
1
100
100
6
100
1
100
2
100
1
1
1
45
1
2
1
4
1
1
1
100
100
100
100
32
1
100
1
100
1
100
1
1
1
1
1
5
1
1
1
1
1
1
1
1
7
100
100
100
1
100
1
1
100
1
2
1
3
2
2
100
1
1
46
1
1
1
14
89
100
100
1
1
1
1
100
2
21
100
1
1
2
100
1
100
1
100
1
1
2
100
1
100
100
1
100
100
