3
2
100
100
100
3
1
100
2
100
100
100
100
13
3
4
25
1
100
100
100
1
2
1
3
1
64
100
1
100
2
100
100
11
1
21
100
100
1
100
100
1
100
6
3
1
45
1
100
5
100
100
100
100
1
100
100
41
2
100
1
1
20
100
100
100
3
2
72
100
1
100
100
5
100
1
3
100
4
100
100
7
2
13
1
100
1
100
1
1
1
100
100
1
100
1
1
100
100
8
2
100
1
100
1
5
1
1
100
1
100
100
100
100
1
13
100
1
1
2
2
100
100
1
1
1
100
100
100
2
46
100
12
100
100
100
100
2
1
100
100
100
1
100
1
1
1
1
100
5
29
1
100
100
3
100
4
100
4
100
1
3
1
100
1
1
1
1
1
1
1
100
100
100
100
20
1
100
2
100
1
100
1
1
3
1
1
3
1
5
1
1
1
1
1
1
1
100
100
100
3
49
1
1
100
1
1
1
3
1
3
100
2
4
83
1
1
1
85
100
100
100
1
1
1
1
100
1
17
100
1
2
4
79
1
100
1
100
1
2
2
100
1
100
100
1
100
100
