1
1
100
100
100
4
1
100
1
100
100
100
100
100
1
8
100
1
100
100
100
1
1
1
1
1
12
100
1
100
2
100
100
62
2
28
100
100
1
100
100
1
100
2
3
1
100
1
100
100
100
100
100
100
2
100
100
4
2
100
1
8
7
100
100
100
1
1
11
100
1
100
100
17
100
1
4
100
1
100
100
8
1
7
16
100
1
100
1
1
1
100
100
1
100
1
1
100
100
5
70
100
1
100
1
5
1
1
100
1
100
100
100
100
1
23
100
2
3
1
100
100
100
1
1
1
100
100
100
1
100
100
31
100
100
100
100
1
1
100
100
100
1
100
3
1
1
30
100
23
1
1
100
100
26
100
100
100
2
100
2
1
1
100
1
4
1
1
1
1
1
100
100
100
100
84
1
100
1
100
1
100
1
2
3
1
1
1
2
1
1
1
1
1
1
2
2
100
100
100
1
100
1
1
100
1
4
1
1
12
1
100
1
2
100
1
1
1
12
100
100
100
1
1
1
1
100
1
5
100
1
1
1
19
1
100
1
100
1
2
1
66
3
100
100
1
100
100
