4
1
100
100
100
1
2
100
5
100
100
100
100
100
4
100
6
1
100
100
100
1
3
1
11
1
7
100
1
100
10
100
100
5
3
64
100
100
3
22
42
1
100
1
5
1
14
5
100
50
100
100
16
100
10
100
100
21
3
100
1
8
5
100
100
100
1
6
38
100
1
100
100
2
100
1
3
100
4
100
100
20
100
96
7
34
2
100
1
14
3
100
100
4
100
21
1
100
100
10
6
100
1
100
1
37
2
3
100
9
100
100
100
100
1
14
100
1
11
2
8
100
100
1
1
1
100
100
100
1
5
34
14
100
100
100
100
2
18
100
100
100
1
100
8
2
1
66
100
4
4
1
100
100
9
100
4
100
26
100
13
4
1
100
3
5
40
1
1
1
2
100
100
100
100
100
2
100
2
100
1
100
1
3
3
2
1
40
7
3
1
1
2
1
1
8
9
100
100
22
4
8
4
1
100
1
58
1
4
9
1
100
1
70
100
1
1
1
13
100
100
100
3
2
1
1
100
2
4
100
3
4
8
100
1
100
1
100
1
3
2
100
1
100
100
1
100
100
