10
2
100
100
100
1
2
100
11
100
100
100
100
94
36
100
100
2
100
100
100
1
1
1
4
4
13
100
2
100
7
100
67
6
2
23
100
100
1
31
66
2
100
6
8
3
6
2
100
100
100
100
100
100
79
100
100
100
23
100
1
100
6
100
100
100
1
58
1
100
1
100
100
2
100
6
100
100
1
100
100
100
100
100
10
62
1
100
1
3
2
100
100
1
100
19
1
100
100
2
4
100
1
100
1
54
5
1
100
12
100
100
100
100
3
54
100
1
70
4
36
100
100
3
1
2
100
100
100
1
41
7
4
100
100
100
100
51
44
59
100
100
1
100
2
1
9
100
100
2
100
1
100
100
3
100
2
100
47
100
1
1
1
100
1
12
100
6
7
9
1
100
100
100
100
20
1
100
1
100
1
100
1
1
3
1
4
39
1
2
1
3
1
1
1
75
14
100
100
100
1
33
1
1
100
1
100
1
7
3
1
100
1
27
81
1
1
1
94
75
100
100
2
1
3
1
100
4
6
100
23
3
5
100
2
100
2
100
2
1
3
100
2
100
100
1
100
100
