5
1
100
100
100
2
1
100
3
100
100
100
100
9
11
91
100
1
100
100
100
1
4
1
3
1
3
100
1
100
9
100
95
27
1
12
100
100
3
100
100
1
100
10
1
2
17
4
100
100
100
100
100
100
6
100
100
100
17
100
1
100
12
100
100
100
1
2
21
100
1
100
100
1
100
1
14
100
4
100
100
25
40
28
9
38
3
100
1
1
1
100
100
2
100
5
1
100
100
19
4
100
1
100
1
14
1
3
100
4
100
100
100
100
1
37
100
7
1
1
73
100
100
1
1
1
100
100
100
1
9
100
5
100
100
100
100
7
13
100
100
100
1
100
3
2
1
100
100
4
9
1
100
100
2
100
17
100
2
100
1
2
1
100
1
1
8
2
2
2
1
100
100
100
100
6
1
100
1
100
1
100
1
1
7
1
1
100
2
3
1
2
2
1
1
4
21
100
100
100
2
41
1
1
100
1
53
1
12
11
1
100
1
6
100
1
2
1
2
42
100
100
1
1
1
1
100
1
5
100
1
1
11
46
3
100
1
100
1
3
1
100
1
100
100
1
100
100
