2
2
100
100
100
1
5
100
19
100
100
100
100
19
51
100
43
1
100
100
100
1
9
1
9
3
4
100
2
100
31
100
1
1
16
20
100
100
1
100
100
2
100
6
100
3
100
1
100
63
100
100
100
100
54
100
100
100
4
99
1
100
100
100
100
54
1
29
31
100
1
100
100
5
100
1
10
100
73
100
100
100
100
100
10
90
1
100
1
5
3
100
100
2
100
100
1
57
100
25
16
100
1
100
1
65
1
1
100
26
100
100
100
100
3
19
100
6
6
3
100
100
100
3
1
1
100
100
100
1
38
17
4
100
100
100
100
1
51
48
100
100
3
100
4
12
1
100
100
1
5
1
100
100
12
100
7
100
10
100
81
6
1
100
3
15
19
6
5
9
2
100
100
100
100
5
1
6
2
100
1
100
1
1
2
1
1
100
7
1
3
3
6
1
2
89
27
100
100
100
4
44
19
1
100
1
100
1
18
15
2
100
1
100
100
6
1
1
30
13
100
100
20
1
6
4
100
1
3
100
25
2
10
65
2
100
1
100
1
6
3
53
1
100
100
1
100
100
