1
1
100
100
100
11
3
100
1
100
100
100
100
100
4
1
8
1
100
100
100
1
1
1
52
1
41
100
1
100
1
100
100
36
2
3
100
100
1
100
100
1
100
1
2
2
100
2
100
100
100
100
100
100
1
100
100
21
1
100
1
7
17
100
100
100
2
4
21
100
1
100
100
11
100
1
1
100
1
100
100
2
2
3
48
100
1
100
1
2
1
100
100
1
100
7
1
100
100
14
15
100
1
100
1
2
1
1
100
3
100
100
100
100
1
35
100
3
2
2
99
100
100
1
1
1
100
100
100
1
13
26
5
100
100
100
100
1
3
100
100
100
1
100
1
4
1
4
100
8
54
1
100
100
25
100
29
100
3
100
3
4
1
100
3
3
1
1
1
1
1
100
100
100
100
39
1
100
1
100
1
100
1
2
2
1
1
1
1
1
1
1
1
1
1
1
2
100
100
100
2
92
1
1
100
1
8
1
5
27
2
100
1
1
100
1
1
1
100
100
100
100
1
1
1
1
100
2
15
100
1
1
1
100
1
100
1
100
1
1
1
100
1
100
100
1
100
100
