1
1
100
100
100
3
1
100
4
100
100
100
100
100
2
54
100
2
100
100
100
2
2
1
4
2
100
100
1
100
2
100
100
12
2
29
100
100
1
46
100
2
100
1
1
1
6
9
100
22
100
100
100
100
1
100
100
4
6
41
1
14
61
100
100
100
1
3
8
100
1
100
100
1
100
1
14
100
7
100
100
3
25
4
12
100
2
100
1
4
2
100
100
1
100
2
1
100
100
41
16
100
1
100
1
2
1
1
100
2
100
100
100
100
2
73
100
2
2
3
17
100
100
3
1
2
100
100
100
1
100
24
7
100
100
100
100
2
12
46
100
100
2
100
4
4
2
23
100
4
13
1
100
100
4
100
26
100
2
100
1
6
2
100
2
1
13
4
1
1
1
100
100
100
100
44
2
100
1
100
1
100
1
1
1
1
2
10
1
1
1
1
1
1
1
3
1
100
100
100
2
100
1
1
100
1
11
1
9
7
1
100
1
5
62
1
1
1
12
75
100
100
2
2
2
1
100
1
3
100
3
1
2
100
1
100
3
100
1
1
1
100
1
100
100
1
100
100
