1
1
100
100
100
3
1
100
6
100
100
100
100
100
5
2
79
1
100
100
100
1
1
1
1
1
100
100
1
100
1
100
100
23
1
2
100
100
1
100
100
2
100
8
1
1
93
1
100
100
100
100
96
100
2
100
100
3
1
100
1
1
44
100
100
100
1
8
100
100
1
100
100
1
100
1
1
100
1
100
100
2
4
3
12
71
1
100
1
1
1
100
100
2
100
4
1
100
100
84
43
100
1
25
1
3
2
1
100
2
100
100
100
100
1
31
100
3
7
1
100
100
100
1
1
1
100
100
100
1
33
100
1
100
100
100
100
1
1
100
100
100
1
100
1
1
3
4
100
2
2
1
100
100
30
100
33
100
2
100
1
5
1
51
2
2
2
1
1
1
1
100
100
100
100
12
1
100
1
100
1
100
1
1
1
1
3
1
2
1
1
1
1
1
2
1
2
100
100
68
1
100
1
1
100
1
1
1
1
88
1
100
1
8
100
1
1
1
19
96
100
100
3
2
1
1
100
1
11
100
1
1
1
100
1
100
1
100
1
2
1
100
1
100
100
1
100
100
