1
1
100
100
100
13
1
100
7
100
100
100
100
100
1
91
100
1
100
100
100
1
1
1
14
3
41
100
2
100
4
100
100
44
2
12
100
100
4
100
100
1
100
13
8
1
34
1
100
100
100
100
9
100
2
100
100
100
11
100
2
86
32
100
100
100
3
1
20
100
1
100
100
2
100
1
10
100
1
100
100
87
6
81
29
100
1
100
1
1
3
100
100
1
100
1
1
100
100
6
9
100
1
100
1
1
3
2
100
9
100
100
100
100
1
15
100
5
7
1
5
100
55
1
1
1
100
100
100
2
2
64
5
100
100
100
100
1
4
77
100
100
1
100
1
1
3
22
100
7
22
1
100
100
12
100
45
100
11
100
3
3
1
100
1
4
25
3
1
1
1
100
100
100
100
5
1
100
1
100
1
100
1
26
1
3
2
23
5
2
1
1
1
1
1
5
2
100
100
100
4
37
1
1
100
3
37
1
6
3
1
100
1
31
100
1
1
1
34
89
100
100
2
2
1
1
100
3
11
100
2
2
2
41
2
100
1
100
1
2
1
100
1
100
100
1
100
100
