3
1
100
100
100
1
1
100
7
100
100
100
100
100
3
22
42
4
100
100
100
1
1
1
1
1
10
100
2
100
3
100
100
5
3
11
100
100
1
100
100
2
100
9
3
1
8
1
100
100
100
100
60
100
3
100
100
23
1
57
1
91
100
100
100
100
1
12
13
100
1
100
100
9
100
1
4
100
2
100
100
100
23
6
17
98
1
100
1
1
1
100
100
1
100
6
1
100
100
2
20
100
1
100
1
13
1
3
100
3
100
100
100
100
1
100
100
2
4
1
8
100
100
1
1
1
100
100
100
1
100
38
2
100
100
100
100
4
1
76
100
100
1
29
1
6
1
100
100
1
2
1
100
100
22
100
3
100
18
100
15
4
1
100
1
5
7
24
2
5
1
100
100
100
100
9
1
100
1
100
1
100
1
12
1
1
2
5
4
1
1
1
2
1
1
25
4
100
100
100
3
100
1
1
100
1
14
1
11
10
1
100
1
12
61
1
1
1
11
100
100
100
1
1
1
1
100
1
5
100
2
2
2
100
3
100
3
100
4
1
1
100
1
100
100
1
100
100
