2
1
100
100
100
3
2
100
43
100
100
100
100
46
17
100
26
1
100
100
100
2
2
1
6
2
47
100
1
100
32
100
19
29
5
6
100
100
1
11
100
3
100
57
15
6
79
4
100
83
100
100
67
100
17
100
100
100
13
100
1
100
31
100
100
100
1
2
67
100
1
100
100
1
100
1
100
100
100
100
100
100
100
100
5
100
1
100
1
49
3
100
100
1
100
41
1
51
100
6
10
100
1
100
1
100
1
6
100
15
100
100
100
100
2
22
100
11
19
7
87
100
82
3
1
4
100
100
100
12
25
100
2
100
100
100
100
13
10
5
100
100
2
100
1
1
3
100
100
2
6
1
100
100
1
100
2
100
73
100
100
16
2
100
1
1
100
7
5
2
1
100
100
100
100
53
1
100
4
100
2
100
1
16
1
3
4
15
4
7
2
2
1
1
1
21
16
100
100
100
27
10
2
1
100
1
100
1
27
12
2
100
1
100
32
7
1
1
24
45
100
100
1
2
5
1
100
1
7
100
43
3
34
100
1
100
2
100
4
2
5
4
1
100
100
1
100
100
