1
1
100
100
100
7
1
100
4
100
100
100
100
100
2
100
100
1
100
100
100
1
2
1
11
3
48
100
1
100
2
100
100
16
3
43
100
100
2
82
59
1
100
9
2
2
56
3
100
100
100
100
7
100
10
100
100
100
2
80
1
37
22
100
100
100
1
8
11
100
1
100
100
4
100
1
10
100
22
100
100
60
70
10
2
47
1
100
1
7
3
100
100
1
100
1
1
100
100
8
11
100
1
100
3
10
1
1
100
1
100
100
100
100
1
100
100
2
5
1
76
100
100
1
1
1
100
100
100
1
14
33
4
100
100
100
100
4
2
99
100
100
1
100
2
1
1
5
100
3
18
1
100
100
7
100
1
100
5
100
2
2
1
100
1
1
6
3
5
1
1
100
100
100
100
27
1
100
1
100
1
100
1
6
2
2
2
29
1
1
1
2
3
1
3
5
5
100
100
38
2
15
3
1
100
2
18
1
3
3
2
100
1
12
100
1
3
1
13
100
100
100
3
1
2
1
100
1
3
100
4
1
12
28
1
100
1
100
1
1
1
100
3
100
100
1
100
100
