1
1
100
100
100
5
2
100
1
100
100
100
100
100
2
12
100
1
100
100
100
1
2
1
4
1
7
100
1
100
3
100
100
13
1
90
100
100
1
100
100
1
100
7
2
1
37
1
100
100
100
100
100
100
1
100
100
85
2
100
1
15
70
100
100
100
1
1
3
100
1
100
100
5
100
1
1
100
1
100
100
4
9
4
1
100
1
100
1
5
1
100
100
1
100
1
1
100
100
11
2
100
1
100
2
1
1
1
100
1
100
100
100
100
1
77
100
2
2
1
100
100
100
2
1
1
100
100
100
3
25
97
12
100
100
100
100
1
1
100
100
100
1
100
2
4
2
2
100
4
72
1
100
100
41
100
18
100
4
100
5
2
1
100
1
1
7
6
1
1
1
100
100
100
100
8
1
100
1
100
1
100
1
6
3
2
1
1
1
1
1
2
1
1
1
10
1
100
100
100
1
56
1
1
100
1
3
1
1
27
1
100
1
3
100
1
1
1
4
100
100
100
1
1
1
1
100
1
25
100
3
1
1
87
1
100
1
100
2
2
1
100
1
100
100
1
100
100
