1
1
100
100
100
4
1
100
1
100
100
100
100
85
5
26
10
1
100
100
100
2
1
1
4
1
40
100
2
100
1
100
51
20
2
95
100
100
1
100
100
1
100
3
5
1
5
1
100
100
100
100
100
100
2
100
100
56
1
100
1
3
100
100
100
100
1
3
27
100
1
100
100
2
100
1
2
100
1
100
100
23
2
15
3
100
1
100
1
1
1
100
100
1
100
2
1
100
100
11
80
100
1
100
1
3
1
2
100
3
100
100
100
100
1
82
100
3
2
1
100
100
100
1
1
1
100
100
100
1
100
100
26
100
100
100
100
1
2
100
100
100
1
100
1
1
1
19
100
5
17
1
100
100
42
100
38
100
2
100
1
1
1
100
1
1
9
2
2
1
1
100
100
100
100
7
1
100
1
100
1
100
1
1
2
1
2
2
1
1
1
1
1
1
1
6
2
100
100
78
1
18
1
1
100
1
2
1
2
11
1
100
1
8
100
1
1
1
12
100
100
100
1
2
3
2
100
1
11
100
1
1
5
100
2
100
1
100
1
1
1
100
1
100
100
1
100
100
