1.0
1.0
1.1253517471925921e-07
1.0
1.2664165549094198e-14
1.1253517471925921e-07
1.0
1.0
1.0
3.775134544279102e-11
1.0
1.6038108905486433e-28
1.0
0.00033546262790251196
1.0
1.1253517471925921e-07
1.0
1.0
1.0
1.1253517471925921e-07
1.0
1.1253517471925921e-07
0.00033546262790251196
1.0
3.775134544279102e-11
1.0
1.0
1.2664165549094198e-14
0.00033546262790251196
1.0
1.0
1.1253517471925921e-07
1.0
4.248354255291598e-18
1.4251640827409387e-21
1.1253517471925921e-07
1.0
1.0
1.1253517471925921e-07
4.248354255291598e-18
4.248354255291598e-18
1.2664165549094198e-14
1.1253517471925921e-07
0.00033546262790251196
3.775134544279102e-11
1.0
1.0
1.1253517471925921e-07
1.0
1.0
1.0
1.0
1.0
1.0
1.0
1.0
0.00033546262790251196
1.2664165549094198e-14
1.0
1.0
1.0
1.2664165549094198e-14
3.775134544279102e-11
3.775134544279102e-11
1.1253517471925921e-07
3.775134544279102e-11
1.1253517471925921e-07
0.00033546262790251196
1.0
1.2664165549094198e-14
0.00033546262790251196
1.1253517471925921e-07
1.0
1.0
0.00033546262790251196
3.775134544279102e-11
1.0
1.0
1.0
0.00033546262790251196
3.775134544279102e-11
1.0
