1
2
1000
1000
1000
1
1
1000
1
969
1000
1000
1
1
7
20
33
1
171
1
1
1
7
1
8
1
2
1000
1
1000
1
91
3
6
2
12
1000
1000
1
1
173
1
1
2
1
1
16
2
1000
2
602
1000
8
1000
3
1000
1000
9
1
26
1
18
68
272
39
282
1
3
11
142
1
1000
1000
3
4
1
2
1000
9
11
218
13
1
8
13
3
1
1000
1
1
1
289
1000
1
1000
8
1
5
1000
1
1
1000
1
1000
1
5
1
1
1000
2
1000
1000
774
1000
1
2
1000
1
6
1
1
401
146
1
1
1
1000
1000
1000
1
4
17
16
1000
1000
1000
1000
3
3
15
143
1000
1
40
1
1
1
85
324
1
3
1
1000
1000
2
1000
12
1000
3
45
4
1
1
13
1
1
2
1
3
2
1
1000
1000
1000
1000
9
1
216
1
1000
1
1000
1
1
1
1
1
2
1
3
1
3
1
1
1
1
2
1000
1000
1
6
22
2
1
1000
2
3
1
7
4
1
1000
1
4
5
1
1
1
8
2
1000
3
1
1
1
1
1000
1
3
1000
3
1
3
171
1
6
1
329
1
1
1
86
1
1000
1000
1
769
1000
