1
2
1000
1000
1000
1
1
1000
1
1000
1000
1000
1
1
4
5
46
1
23
1
1
1
1
1
15
3
16
147
1
1000
4
1000
5
8
1
32
1000
603
1
1
1000
1
28
5
3
1
4
5
1000
1
15
1000
7
1000
2
1000
1000
34
2
32
1
22
15
691
25
220
1
4
53
1
1
1000
756
1
7
1
2
1000
1
14
29
1
13
2
4
102
1
1000
1
4
4
85
1000
1
1000
7
1
2
1000
6
1
1000
1
1000
1
7
1
1
1000
1
1000
1000
426
1000
1
11
1000
2
3
3
2
1000
196
1
1
1
1000
1000
1000
1
4
89
9
608
1000
1000
1000
1
4
66
56
1000
2
173
2
1
1
15
405
1
9
2
1000
1000
7
1000
6
1000
1
23
2
1
1
486
1
2
7
5
1
2
1
1000
1000
1000
1000
15
1
94
1
1000
1
1000
1
3
1
1
1
4
6
3
1
1
1
1
1
1
3
1000
1000
2
3
13
2
1
1000
1
5
1
3
3
1
1000
1
1
4
1
1
1
3
2
1000
6
1
1
2
1
1000
1
3
1000
1
1
1
20
1
7
1
192
1
1
1
86
1
1000
1000
1
1000
1000
