1
1
1000
1000
1000
1
1
1000
3
1000
1000
1000
1
1
5
2
7
1
161
2
5
1
2
1
3
1
11
1000
1
1000
3
1000
3
1
1
12
1000
1000
1
1
631
1
7
4
3
1
17
2
1000
1
1000
1000
22
1000
2
1000
1000
49
7
6
1
4
12
2
18
320
1
4
110
41
1
1000
15
2
69
1
6
1000
16
23
1000
9
2
4
2
258
1
1000
1
4
2
1000
586
1
1000
1
1
3
1000
1
1
1000
1
1000
1
2
1
1
1000
3
1000
1000
1000
1000
1
1
1000
3
5
1
1
1000
225
1
1
1
1000
1000
1000
1
11
9
3
1000
1000
1000
1000
2
2
16
175
1000
1
16
1
1
1
25
5
1
14
2
597
1000
3
1000
7
1000
3
39
2
1
1
149
1
3
14
4
1
1
1
1000
1000
1000
1000
1
1
377
1
1000
1
1000
1
1
1
1
1
15
1
2
1
1
1
1
1
5
6
1000
1000
1
1
3
2
1
1000
1
4
1
2
8
1
1000
1
5
3
1
1
1
6
1
1000
15
1
1
1
1
1000
3
6
1000
7
1
1
1
1
2
1
33
1
1
1
19
1
516
1000
1
62
1000
