1
1
1000
1000
1000
6
1
1000
2
1000
1000
1000
2
1
1
13
46
1
335
10
2
1
5
1
1
1
36
1000
1
1000
2
1000
15
2
1
6
1000
1000
1
1
973
1
29
5
2
1
21
1
1000
1
1000
1000
28
1000
1
1000
1000
41
1
3
1
2
52
547
108
735
1
10
9
116
1
1000
259
6
4
1
5
1000
4
6
1000
22
7
18
20
45
2
1000
1
2
1
230
1000
1
1000
1
2
3
1000
1
1
1000
1
1000
1
4
1
1
1000
4
1000
1000
1000
1000
1
1
1000
1
4
1
1
1000
26
1
1
1
1000
1000
1000
3
10
81
6
1000
1000
1000
1000
2
2
109
185
1000
1
94
2
1
1
13
39
1
6
1
1000
1000
10
1000
1
1000
1
62
3
4
1
165
1
2
3
1
1
1
1
1000
1000
1000
1000
11
1
57
1
385
1
1000
1
1
2
1
1
1
2
1
1
1
1
1
1
1
2
1000
1000
1
1
2
4
1
1000
1
3
1
1
1
1
1000
1
4
6
1
1
1
18
1
1000
8
2
1
1
1
1000
1
6
1000
7
1
15
19
1
7
1
167
1
1
1
43
1
1000
1000
1
1000
1000
