1
1
1000
1000
1000
1
1
1000
1
1000
1000
1000
1
1
2
1
14
1
80
10
22
1
1
1
1
1
44
1000
1
1000
1
1000
31
207
2
63
1000
1000
1
1
1000
1
31
1
3
1
73
1
1000
1
198
2
89
1000
1
1000
1000
16
1
68
1
1
4
622
1000
1000
1
1
93
1000
1
1000
1000
11
37
1
1
1000
2
22
1000
2
2
1
5
1000
1
1000
1
2
1
1000
1000
1
1000
2
1
6
1000
24
1
1000
1
1000
1
1
1
1
1000
2
1000
1000
1000
1000
1
1
1000
2
1
3
1
1000
1000
1
1
1
1000
1000
1000
1
8
1000
19
1000
1000
1000
1000
1
1
1000
486
1000
1
1000
1
1
1
6
1000
1
42
1
1000
1000
4
1000
6
1000
2
1000
2
1
1
33
1
1
2
1
1
1
1
1000
1000
1000
1000
21
1
1000
1
1000
1
1000
1
1
1
1
1
1
1
1
1
1
1
1
1
1
3
1000
1000
7
1
2
1
1
1000
1
2
1
1
38
1
1000
1
1
27
1
1
1
3
1
1000
4
1
1
1
1
1000
1
10
1000
1
1
1
1000
1
20
1
1
2
1
1
1000
1
1000
1000
1
1000
1000
