1
2
1000
1000
1000
5
1
1000
1
1000
1000
1000
1
1
5
18
21
1
47
28
1
1
2
1
1
2
7
1000
1
1000
5
1000
4
8
4
15
1000
1000
1
1
1000
1
4
1
4
1
6
1
1000
1
313
532
60
1000
6
1000
1000
46
4
28
1
3
49
4
16
352
1
4
38
157
1
1000
282
1
3
1
3
1000
1
14
328
1
8
5
16
438
1
1000
1
2
4
246
1000
1
1000
2
1
6
1000
4
1
1000
1
814
1
3
1
2
1000
6
1000
1000
1000
1000
1
1
1000
6
5
1
1
562
112
1
1
1
1000
1000
1000
1
4
12
13
1000
1000
1000
1000
1
1
22
94
549
1
879
1
3
2
82
6
1
18
1
1000
1000
4
1000
5
1000
2
179
2
1
1
19
1
2
1
1
5
4
1
1000
1000
1000
1000
17
1
347
1
1000
1
1000
1
1
1
4
1
3
1
5
1
1
1
1
1
4
2
1000
1000
10
1
8
4
1
1000
1
9
1
7
6
1
1000
1
3
10
2
1
1
29
1
1000
9
1
1
1
1
1000
1
1
1000
1
2
3
28
1
5
1
93
1
1
1
269
1
817
1000
1
1000
1000
