2
1
1000
1000
1000
16
1
1000
1
1000
1000
1000
2
3
1
4
90
1
102
4
9
1
1
1
13
1
71
1000
1
1000
1
125
23
28
1
24
1000
1000
1
1
1000
1
15
1
2
1
23
1
1000
1
638
1000
4
187
1
1000
1000
5
1
683
1
1
3
625
1000
1000
1
1
5
1000
1
1000
1000
25
222
1
1
1000
2
23
32
1
1
1
3
1000
1
1000
1
3
2
1000
1000
1
1000
1
1
13
1000
9
1
1000
1
1000
1
1
1
1
1000
1
1000
1000
1000
1000
1
10
1000
1
3
1
1
1000
1000
1
1
1
1000
1000
1000
1
2
1000
16
1000
1000
1000
1000
1
3
125
1000
1000
1
297
2
1
1
2
425
1
3
1
1000
1000
3
1000
4
1000
1
1000
1
1
1
141
1
1
1
2
1
1
1
1000
1000
1000
1000
26
1
1000
1
1000
1
1000
1
1
1
2
1
1
1
1
1
1
1
1
1
2
1
1000
1000
2
2
57
1
1
1000
1
1
1
1
18
1
1000
1
1
11
1
1
1
43
1
1000
22
1
1
1
1
1000
1
3
1000
1
1
1
1000
1
5
1
140
1
1
1
1000
1
1000
1000
1
1000
1000
