2
1
1000
1000
1000
4
1
1000
1
1000
1000
1000
1
1
5
8
130
1
12
25
3
1
1
1
5
1
44
1000
1
953
1
1000
3
9
3
22
1000
1000
1
2
855
1
5
2
2
1
15
2
1000
1
343
1000
65
1000
2
1000
1000
1
3
21
1
4
23
1000
279
57
1
1
22
114
2
1000
143
6
11
1
1
1000
1
8
14
10
15
1
5
147
1
1000
1
5
3
54
764
1
1000
6
1
5
1000
3
1
1000
1
1000
2
14
1
1
1000
1
1000
1000
1000
1000
1
1
1000
1
1
1
2
299
410
1
1
1
1000
1000
1000
3
7
37
3
1000
1000
1000
1000
5
11
77
378
1000
2
11
1
1
3
15
3
1
9
1
1000
1000
4
1000
2
1000
1
2
1
2
1
3
1
1
16
1
1
2
1
1000
1000
1000
1000
3
1
21
1
1000
1
1000
1
1
1
2
1
3
2
1
1
1
1
1
1
9
1
1000
1000
1
7
10
3
1
1000
1
8
1
2
12
1
1000
1
3
16
1
1
1
6
2
1000
12
2
1
1
1
1000
1
5
1000
1
1
3
275
1
6
1
60
1
1
1
5
1
396
1000
1
1000
1000
