1
2
1000
1000
1000
4
1
1000
6
1000
1000
1000
1
1
2
27
11
1
4
5
1
1
2
1
7
2
51
468
1
1000
3
1000
4
6
1
4
1000
1000
1
3
20
1
36
2
2
1
6
3
1000
1
1000
1000
14
1000
2
1000
1000
20
4
15
1
9
10
125
31
119
1
4
16
34
1
1000
45
4
10
1
2
1000
7
4
28
7
11
7
3
24
1
1000
1
3
1
1000
1000
1
1000
10
1
3
1000
2
1
1000
1
1000
1
2
1
2
1000
5
1000
1000
1000
1000
1
14
1000
4
1
1
1
364
18
1
1
1
1000
1000
1000
5
1
1
5
1000
1000
1000
1000
6
10
9
82
1000
1
139
1
3
1
4
6
1
17
2
1000
1000
5
1000
4
1000
1
12
3
1
1
83
1
1
3
4
2
1
1
1000
1000
1000
1000
13
1
126
1
1000
1
1000
1
2
1
2
1
21
3
1
1
1
1
1
1
1
5
1000
1000
4
2
5
2
1
1000
1
4
1
5
10
1
1000
1
2
11
4
1
1
3
2
1000
26
2
1
3
1
1000
1
5
57
4
1
1
105
1
1
1
220
2
1
1
13
1
1000
1000
1
1000
1000
