1
2
1000
1000
1000
5
1
1000
8
1000
1000
1000
3
2
2
7
37
1
190
24
1
1
3
1
4
2
5
1000
1
1000
2
1000
7
2
1
15
1000
1000
1
1
88
1
29
6
11
1
11
3
1000
1
385
1000
40
317
4
1000
1000
64
3
1
1
3
6
251
110
220
1
1
8
36
1
1000
361
1
44
1
1
1000
1
1
818
18
4
3
2
15
1
1000
1
3
1
539
51
1
1000
2
1
2
1000
2
1
1000
1
1000
1
2
1
1
1000
4
1000
1000
1000
1000
1
6
1000
7
1
1
2
1000
10
1
1
1
1000
1000
1000
1
15
10
2
807
1000
1000
1000
1
2
228
206
1000
1
17
1
1
1
5
759
1
2
1
1000
1000
10
1000
15
1000
2
66
5
5
1
60
1
1
4
6
2
1
1
1000
1000
1000
1000
30
1
58
1
1000
1
1000
1
2
1
3
1
5
1
1
1
1
1
1
1
5
2
1000
1000
1
1
4
1
1
1000
1
2
1
2
2
1
1000
1
3
6
1
1
1
4
1
1000
4
2
1
1
1
1000
1
1
1000
3
1
5
166
1
15
1
226
1
1
1
159
1
1000
1000
1
158
1000
