1
1
1000
1000
1000
1
1
1000
2
1000
1000
1000
2
2
1
21
30
1
381
19
3
1
2
1
1
1
8
1000
1
1000
3
1000
8
3
10
3
1000
1000
1
2
550
1
10
2
2
1
6
1
1000
2
304
1000
6
1000
7
1000
1000
9
2
11
1
3
11
557
32
408
1
4
17
66
1
1000
748
1
17
1
1
1000
1
6
1000
4
18
4
10
16
1
1000
1
1
1
1000
1000
1
942
5
2
10
1000
15
1
1000
1
1000
1
1
1
1
1000
1
1000
1000
348
1000
1
36
1000
5
4
3
1
1000
37
1
1
1
1000
1000
1000
4
8
88
5
1000
1000
1000
1000
8
1
17
305
1000
1
230
3
1
1
110
12
1
18
1
1000
1000
14
1000
7
1000
2
208
5
4
1
76
1
1
1
6
1
1
1
1000
1000
1000
1000
19
1
93
1
641
1
1000
1
1
2
2
1
6
1
1
1
2
1
1
1
1
1
1000
1000
1
1
1
1
1
1000
1
9
1
3
1
1
1000
1
3
8
1
1
1
5
1
1000
1
2
1
1
1
1000
1
9
1000
3
1
1
106
1
1
1
48
1
1
1
144
1
1000
1000
1
1000
1000
