1
1
16
1000
1000
11
1
1000
1
1000
1000
1000
1
1
1
3
9
1
100
9
10
1
1
1
2
1
156
1000
1
1000
1
1000
33
27
1
6
1000
1000
1
1
1000
1
19
2
1
1
62
1
1000
1
159
185
145
1000
1
1000
1000
13
1
566
1
9
13
1000
1000
1000
1
1
133
1000
1
1000
1000
5
31
1
1
1000
3
32
1000
2
3
4
4
1000
1
1000
1
1
1
1000
1000
1
1000
1
1
14
1000
1
1
1000
1
1000
1
1
1
1
1000
1
1000
1000
1000
1000
1
29
1000
1
1
2
1
1000
1000
1
1
1
1000
1000
1000
1
4
1000
9
1000
1000
1000
1000
1
1
34
94
1000
1
1000
1
1
1
1
212
1
17
1
367
1000
3
1000
57
1000
1
1000
1
1
1
40
1
1
2
1
1
2
1
1000
1000
1000
1000
87
1
1000
1
1000
1
1000
1
1
1
1
1
2
1
1
1
1
1
1
1
1
1
1000
1000
12
2
27
1
1
1000
1
4
1
1
89
1
1000
1
1
21
1
1
1
5
1
1000
17
1
1
1
1
1000
1
2
1000
2
1
1
1000
1
15
1
318
2
1
1
1000
1
1000
1000
1
1000
1000
