1
1
5
1000
1000
1
2
1000
3
1000
1000
1000
1
2
1
9
27
1
92
1
8
1
1
1
4
1
10
1000
1
1000
2
1000
5
4
4
5
1000
1000
2
1
37
1
50
7
3
1
10
2
1000
1
1000
1000
2
1000
3
1000
1000
204
3
10
1
3
1
130
26
175
1
1
22
43
1
1000
447
3
30
1
1
1000
1
18
1000
10
16
10
13
218
2
1000
1
7
1
638
1000
1
1000
7
2
9
1000
1
1
1000
1
165
1
2
1
1
1000
1
1000
1000
1000
1000
1
4
1000
1
1
1
1
1000
484
1
1
2
1000
1000
1000
1
2
96
6
1000
1000
1000
1000
8
3
63
135
682
1
490
6
4
1
5
12
1
17
1
1000
1000
10
1000
2
1000
2
231
4
4
1
19
1
1
8
1
4
1
1
1000
1000
1000
1000
59
1
212
1
1000
1
1000
1
2
1
1
1
12
1
1
1
1
1
1
1
9
2
1000
1000
4
3
25
4
1
1000
1
2
1
2
2
1
1000
1
2
5
1
1
1
7
2
1000
12
3
1
1
1
1000
1
5
1000
3
2
8
85
1
9
1
77
1
1
1
145
1
811
1000
1
1000
1000
