1
2
9
1000
1000
4
1
1000
5
1000
1000
1000
1
1
2
8
102
1
100
3
7
1
2
1
5
1
84
830
1
1000
2
1000
25
2
1
2
1000
1000
1
1
230
1
20
1
3
1
7
3
1000
1
32
858
10
1000
1
1000
1000
35
5
1
1
1
28
387
7
347
1
1
21
255
1
1000
1000
4
9
1
4
1000
1
23
98
3
1
2
4
66
1
1000
1
1
1
594
413
1
1000
1
1
7
268
9
1
1000
1
1000
1
2
1
1
1000
1
1000
1000
1000
1000
1
3
1000
2
1
1
1
761
399
1
1
2
1000
1000
1000
1
2
40
6
1000
1000
1000
1000
1
2
37
289
1000
1
854
2
1
2
8
6
1
46
1
1000
1000
4
1000
20
1000
1
467
9
1
1
451
1
5
25
1
2
1
1
1000
1000
1000
1000
38
1
14
1
1000
1
1000
1
1
1
1
1
5
1
3
1
1
1
1
1
3
2
1000
1000
13
3
16
1
1
1000
1
2
1
2
2
1
1000
1
2
1
1
1
1
2
1
1000
3
3
1
1
1
1000
1
2
1000
2
1
3
101
1
13
1
84
1
1
1
79
1
1000
1000
1
308
1000
