2
2
1000
1000
1000
5
2
1000
9
1000
1000
1000
3
2
1
6
15
1
55
22
3
1
1
1
5
1
55
1000
1
1000
1
1000
17
6
1
16
1000
1000
2
1
823
1
16
4
1
1
2
1
1000
1
33
55
1
635
2
1000
1000
21
2
4
1
1
11
5
16
4
1
2
3
18
1
1000
682
1
2
1
2
1000
1
3
1000
19
28
6
6
9
2
1000
1
1
1
1000
1000
1
1000
3
1
1
1000
1
1
1000
1
1000
1
7
1
1
1000
6
1000
1000
1000
1000
1
1
1000
1
1
1
1
1000
30
1
1
1
1000
1000
1000
1
7
9
4
1000
1000
1000
1000
5
4
51
160
1000
1
37
1
3
1
5
1000
1
6
2
1000
1000
2
1000
5
1000
1
40
10
2
1
281
1
1
2
6
2
1
1
1000
1000
1000
1000
19
1
175
1
1000
1
1000
1
3
2
1
1
16
1
1
1
1
1
1
1
4
6
708
1000
2
2
4
1
1
1000
1
1
1
1
6
1
1000
1
2
3
1
1
1
38
1
1000
4
1
1
1
1
1000
1
4
1000
7
1
13
24
1
1
1
7
1
1
1
234
1
1000
1000
1
1000
1000
