1
1
1000
1000
1000
6
1
1000
1
1000
1000
1000
2
1
1
1
108
1
490
2
11
1
1
1
16
1
58
804
1
1000
1
1000
46
19
1
2
1000
1000
1
1
1000
1
3
2
1
1
27
1
1000
1
786
1000
48
1000
1
1000
1000
87
1
911
1
2
42
856
1000
1000
1
2
57
1000
1
1000
1000
4
37
1
1
1000
1
11
1000
1
1
6
7
1000
1
1000
1
1
1
1000
1000
1
1000
2
1
7
1000
7
1
1000
1
1000
1
3
1
1
1000
1
1000
1000
1000
1000
1
6
1000
1
1
2
1
1000
1000
1
1
1
1000
1000
1000
3
6
1000
1
1000
1000
1000
1000
1
1
317
25
1000
1
359
1
1
1
2
20
1
2
1
1000
1000
38
1000
31
1000
1
1000
1
3
1
26
1
1
2
1
1
1
1
1000
1000
1000
1000
6
1
1000
1
1000
1
1000
1
1
1
1
1
1
1
1
1
1
1
1
1
1
3
1000
1000
1
1
1
1
1
1000
1
1
1
1
35
1
1000
1
2
3
1
1
1
22
1
1000
16
1
1
1
1
1000
1
10
1000
1
1
1
4
1
4
1
458
1
1
1
1000
1
1000
1000
1
1000
1000
