1
1
1000
1000
1000
1
1
1000
1
1000
1000
1000
2
1
2
12
80
1
77
34
3
1
1
1
31
1
27
1000
1
1000
1
1000
3
35
1
4
1000
1000
1
1
1000
1
34
1
1
1
5
1
1000
1
1000
1000
68
1000
1
1000
1000
18
1
613
1
3
120
1000
1000
1000
1
1
153
1000
1
1000
1000
7
338
1
2
1000
2
7
1000
2
1
3
7
1000
2
1000
1
1
1
1000
1000
1
1000
1
1
45
1000
28
1
1000
1
1000
1
2
1
1
1000
2
1000
1000
1000
1000
1
5
1000
1
1
1
1
1000
1000
1
1
1
1000
1000
1000
1
3
1000
2
1000
1000
1000
1000
2
1
62
20
1000
1
69
1
1
1
1
47
1
2
1
1000
1000
38
1000
24
1000
1
1000
1
2
1
343
1
3
1
1
1
1
1
1000
1000
1000
1000
21
1
1000
1
1000
1
1000
1
1
2
1
1
2
1
1
1
1
1
1
1
1
1
1000
1000
4
2
5
1
1
1000
1
1
1
1
60
1
1000
1
1
22
1
1
1
36
1
1000
10
1
1
2
1
1000
1
5
1000
1
1
5
1000
1
33
1
127
1
1
1
1000
1
1000
1000
1
1000
1000
