1
1
1000
1000
1000
4
1
1000
2
1000
1000
1000
1
1
4
1
192
1
276
28
1
1
1
1
9
1
16
1000
1
1000
1
1000
13
6
1
9
1000
1000
1
1
1000
1
3
1
2
1
66
2
1000
1
320
672
47
733
2
1000
1000
29
1
1000
1
1
17
364
1000
1000
1
1
162
1000
1
1000
1000
3
5
1
1
1000
1
6
1000
2
2
8
18
1000
1
1000
1
1
1
1000
1000
1
1000
1
1
14
1000
13
1
1000
1
685
1
1
1
1
1000
2
1000
1000
1000
1000
1
3
1000
1
1
1
1
1000
1000
1
1
1
1000
1000
1000
1
30
1000
20
1000
1000
1000
1000
1
1
842
81
1000
2
1000
1
1
1
1
19
1
40
1
1000
1000
39
1000
63
1000
1
1000
1
1
1
4
1
1
1
2
1
1
1
1000
1000
1000
1000
5
1
1000
1
1000
1
1000
1
1
1
1
1
3
1
1
1
1
1
1
1
1
2
1000
1000
5
1
58
2
1
1000
1
1
1
1
26
1
1000
1
1
44
1
1
1
19
1
1000
6
1
1
1
1
1000
1
2
526
1
1
1
1000
1
24
1
196
1
1
1
1000
1
1000
1000
1
1000
1000
