1
1
1000
1000
1000
26
1
1000
1
1000
1000
1000
1
1
2
1
51
1
159
10
3
1
2
1
9
1
13
1000
1
1000
1
1000
42
1
1
66
1000
1000
1
1
1000
1
9
1
1
1
22
1
1000
1
1000
1000
96
260
1
1000
1000
62
1
561
1
1
2
60
1000
1000
1
1
20
1000
1
1000
1000
4
290
1
3
1000
1
41
534
2
1
1
2
1000
1
1000
1
2
1
1000
1000
1
1000
1
1
3
1000
19
1
1000
1
1000
1
1
1
1
1000
1
1000
1000
1000
1000
1
6
1000
1
1
1
1
1000
1000
1
1
1
1000
1000
1000
1
12
1000
29
1000
1000
1000
1000
1
1
1000
338
1000
1
966
1
1
1
1
6
1
17
1
1000
1000
5
1000
4
1000
3
576
2
1
1
145
1
1
1
2
1
1
1
1000
1000
1000
1000
56
1
1000
1
1000
1
1000
1
1
1
1
1
4
1
1
1
1
1
1
1
2
2
1000
1000
3
1
24
1
1
1000
1
1
1
2
144
1
1000
1
1
33
1
1
1
5
1
1000
8
1
1
1
1
1000
1
19
1000
1
1
1
1000
1
10
1
72
1
1
1
1000
1
1000
1000
1
506
1000
