3
3
16
1000
1000
2
1
1000
5
1000
1000
1000
1
3
1
1
93
1
352
4
5
1
3
1
10
1
49
764
1
1000
5
1000
2
5
4
4
1000
1000
1
2
15
1
6
3
5
1
2
1
1000
1
212
1000
18
756
5
1000
1000
42
3
37
1
10
14
10
93
258
1
1
39
96
1
1000
315
5
23
1
2
1000
5
9
1000
20
8
7
5
185
1
1000
1
5
1
1000
1000
1
1000
1
1
3
1000
7
1
1000
1
1000
1
3
1
1
1000
1
1000
514
1000
1000
1
16
1000
1
1
1
1
889
42
1
1
1
1000
1000
1000
1
8
6
9
1000
1000
1000
1000
1
5
88
64
1000
1
1000
2
1
3
38
13
1
38
2
1000
1000
1
1000
16
1000
4
186
1
3
1
29
1
1
6
2
1
3
1
1000
1000
1000
1000
4
1
116
1
1000
1
1000
1
1
1
1
1
6
1
1
1
1
1
1
1
3
1
1000
1000
1
1
2
2
1
1000
1
2
1
3
10
1
1000
1
10
4
1
1
1
1
1
1000
17
3
1
2
1
1000
1
2
1000
1
1
4
30
1
2
1
12
1
1
1
193
1
475
1000
1
286
1000
