2
1
1000
1000
1000
18
1
1000
1
1000
1000
1000
1
1
1
4
37
1
135
3
9
1
3
1
11
1
127
1000
1
1000
1
1000
4
22
2
6
1000
1000
1
1
1000
1
35
3
1
1
21
1
1000
1
952
139
204
1000
1
1000
1000
26
1
1000
1
1
36
583
1000
1000
1
1
18
1000
1
1000
1000
11
91
1
1
1000
1
17
73
2
2
2
5
1000
1
1000
1
1
1
1000
1000
1
1000
2
1
6
1000
12
1
1000
1
1000
1
1
1
1
1000
1
1000
1000
1000
1000
1
5
1000
1
1
1
1
1000
1000
1
1
1
1000
1000
1000
1
12
1000
2
1000
1000
1000
1000
1
1
777
154
1000
1
1000
2
1
1
5
1000
1
12
1
1000
1000
7
1000
73
1000
1
1000
1
2
1
34
1
1
1
1
1
1
1
1000
1000
1000
1000
8
1
1000
1
1000
1
1000
1
1
2
1
1
1
1
1
1
1
1
1
1
1
1
1000
1000
13
1
30
1
1
1000
1
1
1
1
5
1
1000
1
1
9
1
1
1
39
1
1000
20
1
1
1
1
1000
1
3
1000
1
1
2
1000
1
25
1
256
2
1
1
1000
1
1000
1000
1
1000
1000
