1
1
1000
1000
1000
1
1
1000
2
1000
1000
1000
2
1
1
5
101
1
104
30
2
1
1
1
1
2
85
820
1
1000
3
1000
23
3
4
2
1000
1000
1
1
21
1
6
2
1
1
13
4
1000
1
359
1000
1
1000
3
1000
1000
44
3
18
1
3
26
123
37
1000
1
4
12
260
1
1000
780
2
38
1
6
1000
4
1
616
19
13
12
2
300
1
1000
1
3
2
1000
1000
1
1000
4
1
1
1000
11
1
1000
1
1000
1
4
1
1
1000
1
1000
1000
1000
1000
1
9
1000
1
2
1
1
1000
59
1
1
1
1000
1000
1000
1
5
39
7
1000
1000
1000
1000
1
1
110
11
1000
2
1000
1
1
1
40
266
1
5
1
1000
1000
1
1000
2
1000
3
180
1
2
1
554
1
1
1
2
2
1
1
1000
1000
1000
1000
6
1
11
1
1000
1
1000
1
1
2
3
1
26
1
3
1
1
1
1
1
3
1
1000
1000
1
1
8
1
1
1000
1
2
1
3
5
1
1000
1
1
4
1
1
1
26
1
1000
3
1
1
2
1
1000
3
1
1000
1
1
2
22
1
6
1
41
1
1
1
135
1
1000
1000
1
1000
1000
