1
1
1000
1000
1000
3
1
1000
1
1000
1000
1000
3
1
1
3
192
1
80
46
1
1
1
1
10
1
55
1000
1
1000
2
434
28
3
1
3
1000
1000
1
1
1000
1
4
1
1
1
29
3
1000
1
95
1000
58
1000
1
1000
1000
3
1
316
1
1
89
551
1000
1000
1
2
50
1000
1
1000
1000
4
76
1
2
1000
1
33
743
2
4
1
2
1000
1
1000
1
1
1
1000
1000
1
1000
2
1
6
1000
6
1
1000
1
1000
1
1
1
1
1000
2
1000
1000
1000
1000
1
7
1000
1
1
1
1
1000
1000
1
1
1
1000
1000
1000
1
4
1000
21
1000
1000
1000
1000
2
1
828
692
1000
1
307
1
1
1
1
68
1
5
1
1000
1000
45
1000
5
1000
3
1000
1
1
1
9
1
2
2
1
2
1
1
1000
1000
1000
1000
9
1
1000
1
1000
1
1000
1
1
1
1
1
1
2
1
1
1
1
1
1
2
1
1000
1000
2
3
29
1
1
1000
1
1
1
1
26
1
1000
1
1
3
1
1
1
7
1
1000
6
1
1
1
1
1000
1
10
1000
1
1
1
1000
1
2
1
656
1
1
1
1000
1
1000
1000
1
1000
1000
