1
1
1000
1000
1000
13
1
1000
2
1000
1000
1000
2
2
2
27
31
1
185
4
14
1
1
1
6
3
10
573
1
1000
6
1000
1
6
8
4
1000
252
1
1
335
1
5
5
4
1
3
1
1000
1
295
1000
36
740
3
1000
1000
14
2
16
1
7
3
899
100
48
1
1
25
366
1
1000
1000
2
2
1
3
1000
13
5
1000
13
22
34
7
230
1
1000
1
2
2
1000
1000
1
1000
5
2
1
1000
3
1
1000
1
1000
1
6
1
1
1000
3
1000
1000
1000
1000
1
2
1000
4
1
3
2
496
33
1
1
1
1000
1000
1000
2
5
37
13
1000
1000
1000
1000
7
4
15
28
1000
4
580
2
1
1
21
6
1
7
1
321
1000
2
1000
7
1000
1
18
4
3
1
80
1
1
6
5
4
1
1
1000
1000
1000
1000
10
1
9
1
1000
1
1000
1
1
2
1
1
5
2
1
1
1
1
1
1
1
1
1000
1000
1
1
31
1
1
1000
1
18
1
2
5
1
1000
1
1
3
1
1
1
26
1
1000
1
4
1
1
1
1000
2
2
1000
2
2
1
17
1
12
1
120
2
1
1
27
1
1000
1000
1
1000
1000
