1
2
1000
1000
1000
3
1
1000
2
1000
1000
1000
6
1
7
20
35
1
146
12
7
1
2
1
3
1
24
193
1
1000
6
1000
2
18
4
11
1000
1000
1
1
282
1
16
2
7
1
2
1
1000
1
520
1000
20
820
1
1000
1000
95
2
17
1
3
35
332
47
186
2
1
12
425
1
1000
389
5
5
1
6
1000
26
9
302
52
3
1
17
56
1
1000
1
1
1
903
1000
1
1000
2
1
26
1000
2
1
1000
1
1000
1
2
1
1
1000
4
1000
1000
641
1000
1
10
1000
3
1
1
1
39
194
2
1
1
1000
1000
1000
3
1
56
6
1000
1000
1000
1000
5
3
285
184
1000
2
1000
2
2
1
9
1
1
9
1
551
1000
2
1000
6
1000
5
91
1
1
1
94
1
2
1
2
1
2
1
1000
1000
1000
1000
3
1
24
1
1000
1
1000
1
1
2
2
1
14
3
2
1
1
1
1
1
4
1
1000
1000
5
2
31
2
1
1000
1
14
1
3
24
1
1000
1
5
2
1
1
1
14
1
1000
1
2
1
1
1
1000
1
1
1000
3
1
1
4
1
14
1
350
2
2
1
60
1
1000
1000
1
215
1000
