1
1
1000
1000
1000
3
1
1000
10
1000
1000
1000
1
1
5
4
27
1
64
3
1
1
2
1
2
2
4
84
1
1000
4
1000
10
13
3
8
1000
1000
1
1
74
1
17
2
5
1
22
1
1000
1
48
1000
9
1000
1
1000
1000
23
1
1
1
36
11
7
64
112
1
1
62
16
1
1000
765
4
4
1
5
1000
6
34
67
26
12
3
1
216
1
1000
1
2
3
574
1000
2
1000
5
1
6
1000
3
1
1000
1
1000
1
3
1
2
1000
2
1000
1000
1000
1000
1
14
1000
2
5
2
2
1000
21
1
1
1
1000
1000
1000
1
3
41
10
1000
1000
1000
1000
1
3
540
19
1000
1
406
4
1
1
9
1
1
13
1
1000
1000
2
1000
42
1000
1
175
3
7
1
35
1
3
3
1
1
1
1
1000
1000
1000
1000
1
1
127
1
685
1
1000
1
3
1
1
1
11
1
4
1
1
1
1
1
7
2
1000
1000
2
1
3
1
1
1000
1
6
1
1
8
1
1000
1
7
1
1
1
1
7
1
1000
29
2
1
1
1
1000
1
5
1000
2
1
8
5
1
3
1
246
1
1
1
85
1
1000
1000
1
1000
1000
