1
1
1000
1000
1000
4
1
1000
1
1000
1000
1000
1
1
3
2
107
1
175
46
10
1
1
1
15
1
85
1000
1
1000
1
1000
16
15
1
11
1000
1000
1
1
1000
1
3
1
2
1
54
1
1000
1
56
1000
43
1000
1
1000
1000
2
1
1000
1
1
30
1000
1000
1000
1
2
142
1000
1
1000
1000
10
39
1
1
1000
1
14
306
1
3
3
8
1000
1
1000
1
1
1
1000
1000
1
1000
3
1
2
1000
13
1
1000
1
1000
1
1
1
1
1000
1
1000
1000
1000
1000
1
8
1000
1
1
1
1
1000
1000
1
1
1
1000
1000
1000
1
1
1000
7
1000
1000
1000
1000
1
2
373
118
1000
1
17
2
1
1
4
685
1
31
1
1000
1000
2
1000
2
1000
1
1000
1
2
1
113
1
1
3
1
1
1
1
1000
1000
1000
1000
20
1
1000
1
1000
1
1000
1
1
1
1
1
1
1
1
1
1
1
1
1
2
1
1000
1000
4
1
7
1
1
1000
1
2
1
1
28
1
1000
1
1
24
1
1
1
58
1
1000
11
1
1
1
1
1000
1
1
1000
1
1
1
1000
1
3
1
293
2
1
1
1000
1
1000
1000
1
1000
1000
