1
1
1000
1000
1000
1
1
1000
5
1000
1000
1000
1
2
8
68
11
1
210
16
9
1
1
1
9
1
43
311
1
1000
3
1000
6
6
2
42
1000
1000
1
1
80
1
2
2
2
2
17
1
1000
1
269
1000
3
577
1
1000
1000
94
2
19
1
10
22
1000
12
50
1
10
7
36
1
1000
1000
2
12
1
2
1000
3
25
358
9
31
5
5
14
1
1000
1
1
1
330
1000
1
1000
6
2
14
1000
9
1
1000
1
1000
1
8
1
1
1000
5
1000
849
1000
1000
1
6
1000
2
5
1
2
170
767
1
1
2
1000
1000
1000
1
11
19
2
1000
1000
1000
1000
2
2
133
146
1000
3
1000
1
1
1
6
11
1
14
1
1000
1000
5
1000
3
1000
2
120
1
1
1
248
1
2
6
3
1
1
1
1000
1000
1000
1000
12
1
25
1
1000
1
1000
1
2
2
3
1
13
2
1
1
1
1
1
1
1
1
1000
1000
5
1
9
2
1
1000
1
4
1
5
10
1
1000
1
3
15
1
1
1
2
2
1000
6
1
1
1
1
1000
1
8
1000
20
1
3
108
1
12
2
211
2
1
1
28
1
1000
1000
1
1000
1000
