1
1
1000
746
1000
4
2
1000
3
1000
1000
1000
2
1
11
2
35
1
74
9
4
1
1
1
6
1
35
1000
1
1000
3
906
16
34
1
3
1000
1000
1
2
59
1
19
1
2
1
6
3
1000
1
166
1000
15
1000
1
1000
1000
18
1
16
1
7
5
607
67
236
2
1
13
108
1
1000
121
1
3
1
1
1000
3
11
280
1
14
4
2
188
1
1000
1
1
1
1000
848
1
1000
3
1
11
1000
1
2
1000
1
1000
1
1
1
1
1000
2
1000
508
653
1000
1
10
1000
1
1
3
1
1000
41
1
1
4
1000
1000
1000
1
3
61
11
1000
1000
1000
1000
1
6
50
159
1000
1
154
1
1
2
11
4
1
2
1
1000
1000
1
1000
4
1000
1
89
1
1
1
347
1
2
3
3
1
1
1
1000
1000
1000
1000
17
1
261
1
1000
1
1000
1
2
1
1
1
2
1
3
1
1
1
1
1
1
2
1000
1000
5
1
3
2
1
1000
1
23
1
2
5
1
1000
1
1
18
2
1
1
10
1
1000
4
1
1
1
1
1000
1
5
1000
2
1
1
84
1
19
1
14
2
1
1
47
1
1000
1000
1
1000
1000
