1
1
1000
1000
1000
6
1
1000
1
1000
1000
1000
2
2
5
1
153
1
145
15
2
1
1
1
1
1
41
554
1
1000
3
1000
8
8
1
9
1000
961
1
2
244
1
7
8
10
1
8
3
1000
1
10
1000
2
1000
1
1000
1000
9
1
43
1
1
1
270
224
1000
1
5
46
3
1
1000
184
1
11
1
1
1000
6
1
671
12
10
2
8
21
1
1000
1
2
1
107
1000
1
1000
1
1
9
1000
6
1
1000
1
1000
1
6
1
1
1000
5
1000
1000
981
1000
1
16
1000
2
4
2
3
1000
76
1
1
1
1000
1000
1000
1
11
57
9
1000
1000
1000
1000
2
5
9
56
1000
1
851
1
1
1
97
6
1
17
1
1000
1000
2
1000
8
1000
2
13
2
2
1
15
1
1
2
2
2
3
1
1000
1000
1000
1000
1
1
58
1
1000
1
1000
1
1
1
1
1
10
1
1
1
1
1
1
1
2
1
1000
1000
3
2
36
1
1
1000
1
18
1
2
3
1
1000
1
1
2
1
1
1
16
2
1000
11
1
1
1
1
1000
1
1
1000
1
2
3
51
1
9
1
129
1
1
1
95
1
1000
1000
1
1000
1000
