45
14
1000
1000
1000
15
8
1000
1000
878
1000
1000
1000
1
1000
1000
1000
1
1000
31
254
3
2
25
7
1000
1
1000
2
1000
1000
1000
1
5
1000
1000
1000
728
23
1000
1000
1
9
1000
1000
2
43
340
1000
3
1000
1000
15
1000
1000
1000
1000
1000
1000
1
1
1000
1000
1000
25
2
1
1000
77
6
4
1000
1000
24
43
1
1000
1000
1000
1000
1000
1000
1000
1000
4
14
200
1000
6
1000
152
1000
1000
2
1000
1000
1000
6
1000
1
1
1000
2
1000
4
1000
10
13
1000
1000
1000
1000
43
1000
26
1000
1000
1000
1000
1000
46
27
414
2
11
1
1000
1000
1000
1000
7
1000
2
16
1000
1000
1000
1000
1000
2
855
1000
27
1000
1000
1000
1000
1000
1
13
1000
1000
1000
1000
1
6
26
1000
126
370
1000
1000
9
1000
5
138
1000
1000
1000
1000
1
1000
1000
1000
1000
73
2
13
1
1000
8
1000
20
47
1000
1000
2
1000
1000
1000
10
1000
2
8
3
1000
1000
1000
1000
4
1000
2
324
2
1000
305
1000
2
1000
6
1
1000
14
1000
1
1000
1
40
11
1000
15
57
21
11
433
1
1000
513
1
1000
1000
1000
1000
1000
21
52
1
1000
1000
628
55
40
2
60
1000
19
1000
98
