1
1
1000
1000
1000
1000
1
1000
1
1000
1000
1000
2
1
1
7
17
1
2
58
1
1
3
1
501
2
11
305
1
1000
2
1000
1
1000
1
1000
1000
1000
1
1
1000
1
1000
1
3
1
7
1
1000
1
1000
1000
24
15
1
1000
1000
1000
1
9
1
8
27
141
462
163
1
4
8
67
1
1000
1000
567
4
1
3
1000
2
16
1000
1
20
27
54
1000
1
1000
1
1
1
1000
38
1
1000
4
1
29
1000
10
1
1000
1
155
1
4
1
1
1000
6
1000
106
603
1000
1
8
1000
1
1
2
1
1000
121
1
1
1
1000
1000
1000
1
5
310
1000
1000
1000
1000
1000
2
1
17
47
1000
1
248
1
1
1
12
239
1
1000
1
521
1000
31
36
1000
1000
4
20
1
2
1
1000
1
1
2
1
3
1
1
1000
1000
1000
1000
235
1
911
1
1000
1
1000
1
5
2
1
1
7
2
2
1
1
1
1
1
1
2
1000
1000
2
1
11
2
1
1000
1
1
1
1
8
1
1000
1
4
103
1
1
1
891
1
1000
3
1
1
1
1
1000
1
1
1000
2
1
2
1000
1
32
1
1000
1
2
1
960
1
300
1000
1
717
1000
