1
1
1000
1000
1000
357
1
1000
1
793
1000
1000
2
1
1
17
11
1
65
35
30
1
2
1
1000
1
9
63
1
1000
1
1000
127
1000
1
1000
1000
1000
1
1
1000
1
1000
1
3
1
74
1
1000
1
1000
1000
3
1000
1
1000
1000
1000
1
518
1
3
3
142
1000
1000
1
1
24
1000
1
1000
1000
1000
326
1
1
1000
2
34
1000
2
1
2
1000
1000
1
1000
1
1
1
1000
839
1
1000
1
1
42
1000
30
1
1000
1
378
1
1
1
1
1000
1
1000
973
1000
1000
1
11
1000
1
2
1
1
1000
496
1
1
1
1000
1000
1000
1
11
1000
1000
847
1000
1000
1000
1
1
192
1
1000
1
1000
1
1
1
1
2
1
1000
1
425
1000
3
1000
486
1000
2
16
1
1
1
861
1
1
2
1
2
1
1
1000
1000
1000
1000
1000
1
1000
1
1000
1
1000
1
1
2
2
1
1
1
1
1
1
1
1
1
1
1
1000
1000
4
1
4
1
1
1000
1
2
1
1
27
1
1000
1
1
65
1
1
1
1000
1
1000
11
1
1
1
1
1000
1
7
1000
2
1
1
1000
1
9
1
1000
1
1
1
1000
1
1000
1000
1
1000
1000
