1
2
1000
1000
1000
431
1
1000
1
218
1000
1000
2
1
1
4
11
1
138
28
3
1
1
1
1000
1
10
215
1
1000
1
1000
23
1000
3
1000
1000
1000
1
1
1000
1
1000
1
1
1
20
1
1000
1
51
12
3
960
1
1000
1000
1000
1
461
1
1
36
1000
1000
444
1
2
66
1000
1
1000
1000
1000
246
1
1
1000
2
5
791
1
3
2
1000
1000
1
1000
1
1
1
1000
110
1
1000
1
1
27
1000
49
1
1000
1
1000
1
2
1
1
1000
2
1000
192
1000
1000
1
2
1000
1
1
1
1
1000
213
1
1
1
1000
1000
1000
1
4
1000
1000
1000
1000
1000
1000
1
2
27
36
1000
1
1000
1
1
2
2
2
1
1000
1
359
1000
15
948
1000
1000
4
2
1
2
1
1000
1
1
1
2
1
1
1
1000
1000
1000
1000
1000
1
1000
1
1000
1
1000
1
1
1
1
1
1
1
2
1
1
1
1
1
1
1
1000
1000
54
1
101
3
1
1000
1
1
1
1
3
1
1000
1
1
15
1
1
1
1000
1
1000
3
1
1
1
1
1000
1
3
1000
1
1
1
1000
1
365
1
1000
1
1
1
1000
1
1000
1000
1
1000
1000
