1
1
1000
1000
1000
1000
1
1000
1
1000
1000
1000
1
1
1
2
60
1
207
17
6
1
1
1
1000
1
1
562
1
1000
2
1000
117
221
2
1000
1000
1000
1
1
1000
1
1000
1
1
1
2
1
1000
1
1000
1000
4
1000
2
1000
1000
1000
1
1000
1
3
219
727
1000
1000
1
1
14
1000
1
1000
1000
1000
604
1
2
1000
1
45
1000
4
1
3
1000
1000
1
1000
1
3
1
1000
23
1
1000
2
1
236
168
6
1
1000
1
997
1
2
1
1
1000
1
1000
412
1000
1000
1
3
1000
1
1
1
1
1000
1000
1
1
1
1000
1000
1000
1
7
1000
1000
1000
1000
1000
1000
5
1
2
88
1000
1
3
1
1
1
1
1000
1
1000
1
1000
1000
13
1000
1000
1000
1
42
2
1
1
1000
1
1
1
3
1
1
1
1000
1000
1000
1000
1000
1
980
1
1000
1
1000
1
1
1
2
1
1
2
1
1
2
1
1
1
1
1
1000
1000
30
2
17
1
1
1000
1
1
1
1
6
1
1000
1
2
43
1
1
1
1000
1
1000
2
2
1
1
1
1000
1
21
1000
1
1
1
1000
1
14
1
1000
1
2
1
1000
1
1000
1000
1
951
1000
