1
2
1000
1000
1000
1000
1
1000
2
396
1000
1000
1
1
3
8
2
1
176
27
6
1
2
1
1000
1
27
689
1
1000
1
1000
9
1000
1
1000
1000
647
1
1
1000
1
1000
1
1
1
45
1
1000
1
602
1000
9
1000
3
1000
1000
1000
1
292
1
1
1
1000
1000
946
1
1
73
1000
1
1000
1000
1000
8
1
1
1000
1
18
1000
2
3
2
1000
1000
1
1000
1
1
1
1000
192
1
192
1
1
117
1000
37
1
1000
1
306
1
1
1
1
1000
1
1000
113
1000
1000
1
4
1000
1
1
1
1
1000
1000
1
1
1
1000
1000
1000
1
1
1000
1000
1000
1000
1000
1000
1
1
28
254
1000
1
440
1
1
1
1
6
1
1000
1
110
1000
1
1000
416
1000
1
7
1
1
1
1000
1
1
2
1
1
1
1
1000
1000
1000
1000
1000
1
1000
1
1000
1
1000
1
1
1
1
1
2
1
1
1
1
1
1
1
1
1
1000
1000
4
1
34
1
1
1000
1
4
1
1
19
1
1000
1
1
77
1
1
1
215
1
1000
1
2
1
1
1
1000
1
20
1000
1
1
2
1000
1
388
1
1000
1
1
1
1000
1
1000
1000
1
1000
1000
