1
1
1000
1000
1000
1000
1
1000
2
1000
1000
1000
1
1
1
6
24
1
725
15
16
1
1
1
141
1
16
129
1
1000
1
1000
77
1000
1
1000
1000
1000
1
1
1000
1
1000
1
1
1
1
1
1000
1
782
1000
9
1000
1
1000
1000
1000
1
1000
1
1
3
309
1000
1000
1
1
3
1000
1
1000
1000
1000
34
1
1
1000
1
20
513
2
1
1
1000
1000
1
1000
1
1
1
1000
138
1
1000
1
1
53
1000
23
1
1000
1
1000
1
2
1
1
1000
3
1000
729
1000
1000
1
15
1000
1
2
1
1
1000
1000
1
1
1
1000
1000
1000
1
14
1000
1000
640
1000
1000
1000
1
1
55
190
1000
1
1000
1
1
1
6
9
1
1000
1
1000
1000
71
1000
1000
1000
2
67
2
4
1
514
1
1
1
2
1
1
1
1000
1000
1000
1000
1000
1
25
1
1000
1
1000
1
1
1
1
1
2
2
1
1
1
1
1
1
2
1
1000
1000
2
1
37
1
1
1000
1
10
1
1
2
1
1000
1
1
64
1
1
1
1000
1
1000
1
1
1
1
1
1000
1
31
1000
3
1
1
1000
1
411
1
1000
1
1
1
1000
1
1000
1000
1
1000
1000
