1
1
1000
1000
1000
1000
1
1000
1
379
1000
1000
2
1
1
3
8
1
113
18
6
1
1
1
1000
1
22
59
1
1000
1
1000
11
1000
1
1000
1000
1000
1
1
1000
1
1000
3
1
1
70
1
1000
1
1000
1000
14
259
2
1000
1000
1000
1
954
1
4
97
620
1000
569
1
1
4
1000
1
1000
1000
1000
22
1
1
1000
1
5
6
1
1
1
1000
1000
1
1000
1
2
1
1000
279
1
1000
2
1
411
1000
40
1
1000
1
406
1
2
1
1
1000
1
1000
466
1000
1000
1
56
1000
1
2
1
1
1000
1000
1
1
1
1000
1000
1000
1
24
1000
1000
1000
1000
1000
1000
1
2
238
384
1000
1
154
1
1
1
5
1000
2
1000
1
116
1000
10
1000
1000
1000
1
418
1
1
1
1000
1
1
1
2
1
1
1
1000
1000
1000
1000
1000
1
1000
1
1000
1
1000
1
1
1
1
1
3
1
1
1
1
1
1
1
1
1
1000
1000
1
1
7
2
1
1000
1
1
1
1
17
1
1000
1
2
10
1
1
1
803
1
1000
4
1
1
1
1
1000
1
29
1000
1
1
3
1000
1
274
1
1000
1
1
1
1000
1
928
1000
1
758
1000
