1
1
1000
1000
1000
1000
1
1000
2
828
1000
1000
3
2
3
2
20
1
80
29
6
1
1
1
1000
1
5
148
1
1000
4
1000
5
244
2
1000
1000
1000
1
1
1000
1
388
3
11
1
6
1
1000
1
1000
1000
26
1000
1
1000
1000
1000
1
1
1
11
27
597
232
192
1
2
7
1000
1
1000
1000
317
21
1
2
1000
9
6
1000
13
5
5
407
115
1
1000
1
2
1
1000
27
1
1000
4
1
5
1000
1
1
1000
1
15
1
1
1
1
1000
1
1000
925
400
1000
1
36
1000
1
3
1
1
1000
1000
1
1
1
1000
1000
1000
1
8
179
597
467
1000
1000
1000
6
1
28
174
1000
1
441
1
1
1
9
1
1
1000
1
305
1000
25
1000
1000
1000
1
102
2
1
1
1000
1
1
9
2
3
1
1
1000
1000
1000
1000
1000
1
1000
1
1000
1
1000
1
4
1
2
1
18
1
3
1
1
1
1
1
6
3
1000
1000
4
2
6
3
1
1000
1
5
1
6
5
1
1000
1
15
16
1
1
1
364
1
262
7
2
1
1
1
1000
1
11
1000
2
1
1
1000
1
43
1
1000
1
1
1
727
1
1000
1000
1
30
1000
