1
1
1000
1000
1000
1000
1
1000
3
105
1000
1000
6
2
2
77
48
1
274
31
3
1
2
1
58
1
16
2
1
1000
1
1000
3
393
5
1000
1000
1000
1
1
1000
1
1000
9
2
1
5
1
1000
1
1000
1000
37
1000
2
1000
1000
1000
2
55
1
14
14
330
72
119
1
2
15
1000
1
1000
1000
685
3
1
5
1000
3
1
1000
12
35
4
654
1000
1
1000
1
1
1
1000
303
1
1000
1
1
66
1000
2
1
1000
1
1000
1
12
1
1
1000
19
133
1000
991
1000
1
12
1000
1
2
1
1
383
1000
1
1
1
1000
1000
1000
4
7
312
1000
1000
1000
1000
1000
4
4
4
96
1000
1
299
1
1
1
5
295
1
1000
1
563
1000
2
373
598
1000
3
50
2
8
1
702
1
2
1
1
1
2
1
1000
1000
1000
1000
1000
1
752
1
1000
1
1000
1
1
1
1
1
1
1
1
1
1
1
1
1
1
2
1000
1000
2
2
3
1
1
1000
1
20
1
2
2
1
1000
1
5
12
1
1
1
1000
1
193
13
1
1
1
1
1000
1
6
1000
1
3
2
1000
1
27
1
1000
1
1
1
1000
1
1000
1000
1
795
1000
