1
1
1000
1000
1000
1000
1
1000
1
51
1000
1000
2
1
1
66
49
1
81
37
4
1
1
1
1000
1
3
89
1
1000
2
1000
33
1000
4
1000
1000
1000
1
1
1000
1
818
5
8
1
2
2
1000
1
1000
1000
10
315
2
1000
1000
1000
1
27
1
21
3
159
1000
28
1
1
14
1000
1
1000
1000
555
4
1
6
1000
1
18
1000
10
13
3
614
615
1
1000
1
2
1
1000
41
1
1000
1
1
3
1000
3
1
1000
1
665
1
7
1
1
1000
4
1000
562
1000
1000
1
4
1000
1
1
2
1
1000
725
1
1
1
1000
1000
1000
1
12
1000
1000
640
1000
1000
1000
5
1
88
61
1000
1
1000
1
1
1
21
1000
1
1000
1
295
1000
1
252
442
1000
3
3
4
3
1
1000
1
2
19
4
1
3
1
1000
1000
1000
1000
266
1
1000
1
1000
1
1000
1
1
1
1
1
3
1
1
1
2
1
1
1
1
5
1000
1000
3
1
1
2
1
908
1
2
1
1
1
1
1000
1
2
60
2
1
1
180
1
1000
6
1
1
1
1
1000
1
4
1000
6
1
1
1000
1
15
1
1000
1
1
1
1000
1
1000
1000
1
176
1000
