1
1
1000
1000
1000
1000
1
1000
2
920
1000
1000
1
2
1
9
51
1
98
1
8
1
2
1
290
1
1
84
1
1000
3
11
7
1000
4
1000
1000
1000
1
1
1000
1
127
3
2
1
1
1
1000
1
1000
1000
23
96
6
1000
1000
1000
2
16
1
4
6
151
1000
217
1
3
5
764
1
1000
1000
80
4
1
1
1000
1
24
1000
1
3
10
679
827
1
1000
1
1
1
1000
15
1
1000
1
1
2
536
6
1
1000
1
47
1
29
1
1
1000
4
1000
804
212
1000
1
1
1000
1
8
1
1
1000
614
1
1
1
1000
1000
1000
2
8
77
1000
46
1000
1000
1000
4
2
12
22
1000
2
1000
1
1
1
5
618
1
1000
1
442
1000
1
281
992
1000
1
32
14
1
1
1000
1
2
2
6
1
1
1
1000
1000
1000
1000
526
1
1000
1
225
1
1000
1
1
1
2
1
1
2
2
2
1
1
1
1
1
6
1000
1000
17
1
5
1
1
1000
1
11
1
1
3
1
1000
1
2
3
1
1
1
152
1
1000
17
1
1
2
1
1000
1
8
1000
2
1
5
1000
1
254
1
1000
1
1
1
825
1
1000
1000
1
4
1000
