1
1
1000
1000
1000
551
1
1000
1
166
1000
1000
4
3
2
24
8
1
7
4
4
1
3
1
393
1
18
181
1
1000
4
15
9
741
6
1000
1000
1000
1
1
1000
1
106
2
1
1
5
1
1000
1
102
1000
15
852
1
1000
1000
1000
4
80
1
9
8
1000
1000
41
1
2
14
1000
1
1000
1000
1000
18
1
2
1000
1
47
1000
4
7
4
1000
1000
1
1000
1
3
1
1000
426
1
241
2
1
28
1000
11
1
1000
1
257
1
2
1
1
1000
1
206
291
1000
1000
1
1
1000
1
3
1
3
460
777
1
1
1
1000
1000
1000
1
1
966
165
333
1000
1000
1000
6
2
29
407
1000
1
1000
2
1
1
4
75
1
1000
1
231
1000
3
392
86
1000
4
61
8
5
1
322
1
1
9
1
1
1
1
1000
1000
1000
1000
79
1
1000
1
1000
1
1000
1
1
1
1
1
4
2
1
1
3
1
1
1
2
1
1000
1000
1
1
6
1
1
1000
1
9
1
5
1
1
1000
1
1
13
1
1
1
812
1
1000
19
3
1
1
1
1000
1
9
1000
2
1
1
1000
1
75
1
1000
1
1
1
534
1
342
1000
1
436
1000
