1
1
1000
1000
1000
385
1
1000
1
609
1000
1000
6
3
6
21
2
1
53
54
3
1
1
1
210
1
7
83
1
1000
1
1000
11
1000
1
1000
1000
1000
1
2
1000
1
1000
1
1
1
1
1
1000
1
30
422
25
9
9
1000
1000
1000
3
86
1
4
81
233
540
113
1
3
1
1000
1
1000
1000
74
134
1
3
1000
1
49
1000
32
31
4
281
398
1
1000
1
3
1
1000
14
1
1000
6
1
77
1000
7
1
1000
1
127
1
7
1
1
1000
6
823
354
1000
1000
1
24
1000
2
2
1
1
121
366
1
1
1
1000
1000
1000
1
2
16
530
1000
1000
1000
1000
6
1
38
487
964
1
1000
1
1
1
49
174
1
1000
1
314
1000
11
76
1000
1000
3
128
2
4
1
1000
1
1
10
1
2
3
1
1000
1000
1000
1000
44
1
648
1
1000
1
1000
1
5
1
2
1
7
1
2
1
2
1
1
1
1
1
1000
1000
7
1
4
1
1
1000
1
2
1
1
4
1
1000
1
2
95
1
1
1
1000
1
284
11
1
1
1
1
1000
1
6
1000
3
1
2
1000
1
36
1
1000
1
1
1
108
1
1000
1000
1
1000
1000
