1
2
1000
1000
1000
1000
1
1000
1
1000
1000
1000
2
3
1
1
149
1
42
31
46
1
1
1
1000
1
4
91
1
1000
1
1000
23
1000
1
1000
1000
1000
1
1
1000
1
1000
1
1
1
58
1
1000
2
1000
1000
92
370
2
1000
1000
1000
1
72
1
3
2
1000
1000
199
1
1
19
1000
1
1000
1000
1000
31
1
2
1000
1
168
53
1
2
4
218
1000
1
1000
1
2
1
1000
112
1
1000
1
1
17
1000
36
1
1000
1
1
1
2
1
1
1000
2
1000
11
906
1000
1
7
1000
1
1
1
1
1000
1000
1
1
1
1000
1000
1000
1
4
1000
1000
1000
1000
1000
1000
2
1
521
2
1000
1
13
1
1
1
1
1
1
1000
1
380
1000
17
1000
1000
1000
1
149
2
1
1
1000
1
2
1
1
1
1
1
1000
1000
1000
1000
1000
1
1000
1
1000
1
1000
1
3
1
1
1
1
1
2
1
1
1
1
1
1
2
1000
1000
4
1
20
1
1
1000
1
1
1
1
18
1
1000
1
1
82
1
1
1
968
1
1000
2
2
1
1
1
1000
1
10
1000
1
1
2
1000
1
136
1
1000
1
1
1
1000
1
1000
1000
1
569
1000
