1
1
1000
1000
1000
1000
1
1000
1
1000
1000
1000
1
1
1
24
37
1
814
23
8
1
1
1
1000
1
1
201
1
1000
3
829
2
1000
2
1000
1000
1000
1
1
1000
1
335
1
1
1
2
1
1000
2
1000
1000
3
1000
3
1000
1000
1000
1
52
1
2
49
1000
1000
282
1
1
6
1000
1
1000
1000
1000
31
1
3
1000
1
49
1000
3
1
1
1000
1000
1
1000
1
1
1
1000
112
1
1000
1
1
190
1000
71
1
1000
1
1000
1
1
1
1
1000
1
1000
487
1000
1000
1
6
1000
1
1
1
1
1000
1000
1
1
1
1000
1000
1000
1
8
1000
520
1000
1000
1000
1000
1
1
265
328
1000
1
1000
1
1
1
2
48
1
1000
1
1000
1000
40
1000
179
1000
1
113
2
2
1
1000
1
2
2
1
1
1
1
1000
1000
1000
1000
1000
1
1000
1
1000
1
1000
1
1
1
1
1
3
1
1
1
1
1
1
1
1
1
1000
1000
2
1
8
1
1
1000
1
2
1
1
17
1
1000
1
2
171
1
1
1
1000
1
1000
50
1
1
1
1
1000
1
6
1000
2
1
3
1000
1
199
1
1000
1
1
1
1000
1
1000
1000
1
922
1000
