1
1
1000
1000
1000
1000
1
1000
7
142
1000
1000
5
1
1
185
122
1
27
41
12
1
2
1
1000
1
18
262
1
1000
4
1000
4
809
4
1000
1000
1000
1
1
1000
1
955
8
2
1
4
2
1000
1
197
1000
6
1000
1
1000
1000
1000
2
5
1
3
39
453
1000
197
1
1
7
1000
1
1000
1000
701
2
1
5
1000
1
13
22
17
6
2
1000
759
1
1000
1
2
1
1000
100
1
548
2
1
88
283
15
1
1000
1
244
1
6
1
1
1000
4
1000
40
1000
1000
1
6
1000
2
4
1
1
640
604
1
1
1
1000
1000
1000
1
10
1000
1000
962
1000
1000
1000
3
2
20
600
1000
1
1000
1
1
1
32
129
1
1000
1
626
1000
3
1000
478
1000
3
54
3
5
1
1000
1
1
11
1
1
1
1
1000
1000
1000
1000
469
1
1000
1
1000
1
1000
1
1
1
1
1
5
2
1
1
1
1
1
1
2
1
1000
1000
8
1
10
4
1
923
1
7
1
1
10
1
1000
1
2
15
1
1
1
100
1
667
4
1
1
1
1
1000
1
11
1000
6
1
3
1000
1
72
1
1000
1
2
1
1000
1
905
1000
1
85
1000
