1
1
1000
1000
1000
226
1
1000
1
1000
1000
1000
1
1
1
1
96
1
2
61
16
1
1
1
1000
1
122
482
1
1000
2
1000
77
1000
1
1000
1000
1000
1
1
1000
1
1000
2
1
1
56
1
1000
1
442
1000
7
1000
1
1000
1000
1000
1
32
1
8
18
1000
1000
71
1
1
103
1000
1
1000
1000
83
59
1
1
1000
1
28
1000
1
2
2
888
1000
1
1000
1
2
1
1000
2
1
1000
2
1
414
1000
33
1
1000
1
24
1
2
1
1
1000
3
1000
500
1000
1000
1
51
1000
1
1
1
1
943
127
1
1
1
1000
1000
1000
1
3
1000
1000
1000
1000
1000
1000
1
1
116
915
1000
1
1000
1
1
1
2
12
1
1000
1
360
1000
58
1000
1000
1000
1
73
1
1
1
1000
1
1
1
3
1
1
1
1000
1000
1000
1000
1000
1
1000
1
1000
1
1000
1
1
1
1
1
1
1
1
1
1
1
1
1
3
1
1000
1000
15
1
3
2
1
1000
1
1
1
1
5
1
1000
1
2
63
1
1
1
1000
1
1000
5
1
1
1
1
1000
1
17
1000
1
1
1
1000
1
46
1
1000
1
1
1
286
1
1000
1000
1
508
1000
