1
1
1000
1000
1000
1000
1
1000
1
1000
1000
1000
2
1
1
1
56
1
10
43
30
1
1
1
1000
1
32
959
1
1000
1
1000
28
1000
1
1000
1000
1000
1
1
1000
1
1000
1
1
1
61
1
1000
1
1000
1000
94
1000
2
1000
1000
1000
2
293
1
2
82
110
1000
310
1
1
22
587
1
1000
1000
1000
83
1
1
1000
1
8
1000
3
1
2
1000
1000
1
1000
1
2
1
1000
257
1
1000
1
1
463
1000
47
1
1000
1
609
1
2
1
1
1000
1
1000
119
1000
1000
1
1
1000
1
1
1
1
1000
1000
1
1
1
1000
1000
1000
1
7
1000
1000
1000
1000
1000
1000
1
1
614
457
1000
1
1000
1
1
1
1
12
1
1000
1
358
1000
10
1000
1000
1000
1
35
2
2
1
1000
1
2
1
2
1
2
1
1000
1000
1000
1000
1000
1
1000
1
1000
1
1000
1
1
1
1
1
2
1
1
1
1
1
1
1
1
1
1000
1000
13
1
5
2
1
1000
1
1
1
1
36
1
1000
1
2
32
1
1
1
334
1
1000
4
1
1
1
1
1000
1
48
1000
1
1
1
1000
1
69
1
1000
1
1
1
1000
1
1000
1000
1
389
1000
