1
1
1000
1000
1000
1000
1
1000
1
834
1000
1000
5
3
5
13
52
1
145
128
6
1
1
1
1000
1
1
195
1
1000
1
1000
7
1000
1
1000
1000
1000
1
3
1000
1
492
4
7
1
1
1
1000
3
35
1000
9
1000
1
1000
1000
1000
1
54
1
5
9
166
118
195
1
1
3
234
1
1000
1000
991
66
1
6
1000
1
38
1000
4
5
3
4
340
1
1000
1
1
1
1000
74
1
1000
1
1
116
1000
52
1
1000
1
819
1
6
1
1
1000
1
40
38
1000
1000
1
4
1000
3
2
1
2
156
439
1
1
1
1000
1000
1000
2
3
1000
310
1000
1000
1000
1000
1
1
171
38
1000
1
492
1
3
2
20
3
1
1000
1
736
1000
7
1000
1000
1000
1
51
1
8
1
1000
1
1
7
2
1
1
1
1000
1000
1000
1000
139
1
84
1
1000
1
1000
1
3
1
1
1
8
2
1
1
2
1
1
1
5
4
1000
1000
2
1
9
2
1
1000
1
16
1
1
5
1
1000
1
1
3
1
1
1
52
1
873
7
3
1
1
1
1000
1
2
1000
1
1
2
1000
1
3
1
1000
1
1
1
729
1
1000
1000
1
830
1000
