1
1
1000
1000
1000
1000
1
1000
2
1000
1000
1000
2
1
1
145
45
1
759
70
6
1
1
1
1000
1
13
85
1
1000
2
811
4
1000
1
1000
1000
1000
1
2
1000
1
1000
2
8
1
1
2
1000
1
1000
3
7
43
2
1000
1000
1000
1
10
1
4
1
423
1000
35
1
4
8
1000
1
1000
1000
243
14
1
1
1000
4
39
1000
9
23
1
312
1000
1
1000
1
1
1
1000
55
1
1000
4
1
40
1000
22
1
1000
1
991
1
6
1
1
1000
5
1000
1000
440
1000
1
26
1000
2
1
1
1
1000
106
1
1
1
1000
1000
1000
2
13
485
980
841
1000
1000
1000
7
5
190
120
1000
1
1000
1
2
1
16
42
1
1000
1
1000
1000
2
1000
1000
1000
2
5
1
4
1
1000
1
1
1
2
1
2
1
1000
1000
1000
1000
123
1
34
1
296
1
1000
1
2
2
1
1
4
1
1
1
1
1
1
1
1
2
1000
1000
7
1
4
2
1
1000
2
6
1
1
1
1
1000
2
1
2
1
1
1
32
3
393
3
2
1
1
1
1000
1
12
1000
1
1
2
1000
1
55
1
1000
1
1
1
545
1
1000
1000
1
1000
1000
