1
1
1000
1000
1000
3
1
1000
1
1000
1000
1000
4
1
1
12
17
1
19
9
10
1
1
1
5
1
9
1000
1
1000
1
501
11
4
2
3
1000
1000
1
1
81
1
48
2
2
1
42
1
1000
1
253
8
84
458
3
1000
1000
12
3
4
1
4
5
1000
79
35
1
6
18
301
1
1000
24
1
9
1
2
1000
4
4
398
16
8
8
8
14
1
1000
1
1
1
212
730
1
1000
4
1
6
795
2
1
1000
1
1000
1
1
1
1
1000
1
1000
1000
1000
1000
1
18
1000
4
1
1
1
1000
129
1
1
1
1000
1000
1000
1
5
11
11
1000
1000
1000
1000
1
2
47
145
1000
1
44
2
2
1
6
5
1
16
2
1000
1000
13
1000
11
1000
1
34
1
1
1
511
1
1
1
8
5
2
1
1000
1000
1000
1000
3
1
85
1
1000
1
1000
1
1
1
6
1
5
1
2
1
1
1
1
1
1
1
1000
1000
4
1
11
2
1
1000
1
33
1
4
5
1
1000
1
3
2
2
1
1
9
2
1000
9
3
1
3
1
1000
1
1
1000
3
1
2
41
1
4
1
2
1
1
1
76
1
1000
1000
1
1000
1000
