1
1
1000
1000
1000
3
1
1000
1
1000
1000
1000
1
1
2
5
2
1
276
7
9
2
1
1
4
2
51
1000
1
1000
2
1000
2
133
1
6
1000
1000
1
1
1000
1
43
1
2
1
20
1
1000
1
42
1000
36
1000
1
1000
1000
60
2
630
1
1
24
1000
1000
1000
1
2
65
1000
1
1000
1000
6
57
1
1
1000
3
12
11
8
2
1
9
1000
1
1000
1
1
1
1000
1000
1
1000
1
1
13
1000
19
1
1000
1
1000
1
1
1
1
1000
1
1000
1000
1000
1000
1
5
1000
1
1
1
1
1000
1000
1
1
1
1000
1000
1000
2
9
1000
8
1000
1000
1000
1000
1
1
371
900
1000
1
1000
1
1
1
9
3
1
4
1
1000
1000
2
1000
23
1000
2
1000
1
2
1
93
1
2
5
1
1
1
1
1000
1000
1000
1000
65
1
1000
1
1000
1
1000
1
1
1
1
1
1
1
1
1
1
1
1
1
1
2
1000
1000
5
1
2
1
1
1000
1
2
1
1
120
1
1000
1
1
7
1
1
1
16
1
1000
25
1
1
1
1
1000
1
8
1000
1
1
4
1000
1
5
1
215
1
1
1
1000
1
1000
1000
1
1000
1000
