2
2
1000
1000
1000
7
1
1000
3
1000
1000
1000
1
2
1
2
28
1
40
24
2
1
2
1
2
2
91
1000
1
1000
1
1000
14
9
4
7
1000
1000
1
3
1000
1
6
3
5
1
1
1
1000
1
231
1000
56
1000
14
1000
1000
85
2
22
1
4
27
351
44
170
1
1
27
41
1
1000
1000
2
6
2
1
1000
1
11
350
25
4
1
4
175
1
1000
1
2
1
147
1000
1
1000
2
1
2
1000
2
1
1000
1
1000
1
2
1
1
1000
3
1000
1000
396
1000
1
7
1000
2
6
1
1
252
38
1
1
1
1000
1000
1000
2
4
7
12
1000
1000
1000
1000
1
7
78
45
1000
1
385
2
2
1
29
20
1
2
1
1000
131
2
1000
33
1000
4
75
3
1
1
240
1
2
31
3
3
2
1
1000
1000
1000
1000
11
1
25
1
1000
1
1000
1
1
1
3
1
8
2
1
1
2
1
1
1
1
1
1000
1000
3
3
8
4
1
1000
1
12
1
1
3
1
1000
1
1
1
1
1
1
4
1
1000
1
1
1
1
1
1000
2
7
1000
3
1
1
81
1
7
1
123
1
1
1
185
1
1000
1000
1
1000
1000
