1
1
1000
1000
1000
6
1
1000
1
1000
1000
1000
1
2
1
3
3
1
337
9
4
1
1
1
27
1
17
1000
1
1000
4
1000
25
20
3
2
1000
1000
1
1
1000
1
21
1
1
1
58
1
1000
1
233
1000
144
1000
1
1000
1000
13
1
673
1
2
22
336
1000
1000
1
1
251
1000
1
1000
1000
1
39
1
2
1000
1
7
1000
1
2
1
4
1000
1
1000
1
1
1
1000
1000
1
1000
1
1
8
1000
28
1
1000
1
1000
1
2
1
1
1000
2
1000
1000
1000
1000
1
27
1000
2
1
1
1
1000
1000
1
1
1
1000
1000
1000
1
22
1000
6
1000
1000
1000
1000
1
1
1000
105
1000
1
1000
1
1
1
1
16
1
38
1
1000
1000
48
1000
30
1000
1
1000
1
2
1
121
1
1
1
2
1
1
1
1000
1000
1000
1000
18
1
1000
1
1000
1
1000
1
1
1
1
1
2
1
1
1
1
1
1
1
1
1
1000
1000
37
1
1
1
1
1000
1
1
1
1
184
1
1000
1
1
3
1
1
1
155
1
1000
8
1
1
1
1
1000
1
1
1000
1
1
1
1000
1
5
1
1
1
1
1
1000
1
1000
1000
1
1000
1000
