1
1
1000
1000
1000
6
1
1000
1
1000
1000
1000
1
1
2
1
40
1
523
1
3
1
1
1
13
1
156
1000
1
1000
1
1000
9
71
2
4
1000
1000
1
1
1000
1
42
1
1
1
9
2
1000
1
61
25
3
1000
1
1000
1000
4
1
366
1
1
22
158
1000
1000
1
1
328
1000
1
1000
1000
2
121
1
2
1000
1
80
1000
3
1
2
6
1000
1
1000
1
1
1
1000
1000
1
1000
2
1
4
1000
8
1
1000
1
1000
1
1
1
1
1000
2
1000
1000
1000
1000
1
3
1000
1
1
3
1
1000
1000
1
1
1
1000
1000
1000
3
20
1000
15
1000
1000
1000
1000
2
4
1000
514
1000
1
1000
1
1
1
1
8
1
30
1
1000
1000
6
1000
89
1000
1
1000
1
2
1
62
1
1
1
1
3
1
1
1000
1000
1000
1000
5
1
1000
1
1000
1
1000
1
1
1
2
1
1
1
1
1
1
1
1
1
1
1
1000
1000
2
1
31
1
1
1000
1
2
1
1
14
1
1000
1
1
22
1
1
1
27
1
1000
4
1
1
1
1
1000
1
17
1000
1
1
1
1000
1
15
1
57
1
1
1
1000
1
1000
1000
1
1000
1000
