2
1
1000
1000
1000
1
2
1000
5
1000
1000
1000
1
1
3
19
46
1
133
1
2
1
1
1
4
1
3
42
1
1000
10
1000
7
27
1
35
1000
1000
1
2
958
1
12
4
1
1
11
2
1000
1
205
1000
10
1000
1
1000
1000
25
5
51
1
7
5
288
98
47
1
3
1
64
1
1000
262
3
9
1
1
1000
2
8
38
29
13
6
3
145
1
1000
1
1
3
1000
1000
1
1000
5
2
2
1000
6
1
1000
1
1000
1
2
1
1
1000
2
1000
1000
1000
1000
1
1
1000
4
1
1
1
980
108
1
1
1
1000
1000
1000
3
4
117
4
1000
1000
1000
1000
3
8
56
155
1000
1
479
2
1
1
1
5
1
3
1
1000
1000
21
1000
7
1000
4
86
1
2
1
40
1
2
3
6
6
2
1
1000
1000
1000
1000
48
1
155
1
1000
1
1000
1
1
1
1
1
46
2
1
1
2
1
1
1
2
9
1000
1000
9
2
35
1
1
1000
1
8
1
2
30
1
1000
1
2
1
1
1
1
12
1
1000
4
1
1
1
1
1000
1
12
1000
1
1
3
1
1
2
1
104
1
1
1
3
1
1000
1000
1
964
1000
