1
3
1000
1000
1000
7
1
1000
1
1000
1000
1000
1
1
4
38
110
1
333
5
6
1
3
1
3
1
5
1000
1
1000
4
1000
4
3
1
21
1000
1000
1
1
885
1
4
1
2
1
5
2
1000
2
96
1000
12
1000
1
1000
1000
12
2
14
1
2
1
1000
79
420
1
9
18
6
1
1000
125
1
5
1
2
1000
4
10
1000
4
5
5
12
111
2
1000
1
3
1
176
1000
1
1000
2
1
10
1000
8
1
1000
1
1000
1
10
1
1
1000
1
1000
1000
1000
1000
1
2
1000
1
6
1
1
1000
226
1
1
1
1000
1000
1000
1
1
14
10
1000
1000
1000
1000
6
6
40
138
1000
4
517
2
1
2
50
1000
1
5
2
1000
1000
3
1000
19
1000
1
5
2
1
1
258
1
1
2
2
4
3
1
1000
1000
1000
1000
60
1
19
1
1000
1
1000
1
2
2
2
1
4
1
3
1
1
1
1
1
2
1
1000
1000
7
4
1
1
1
1000
1
1
1
1
4
1
1000
1
4
19
1
1
1
2
1
1000
1
1
1
1
1
1000
1
1
1000
6
2
4
26
1
19
1
30
2
2
1
161
1
223
1000
1
963
1000
