1
1
1000
1000
1000
78
1
1000
1
1000
1000
1000
1
1
1
9
24
1
147
79
4
1
1
1
3
1
21
1000
1
1000
2
1000
3
10
1
38
1000
1000
1
1
1000
1
1
1
1
1
70
1
1000
1
770
1000
73
1000
1
1000
1000
95
1
538
1
1
51
508
1000
1000
1
2
1
1000
1
1000
1000
92
416
1
1
1000
1
12
1000
1
1
5
12
1000
1
1000
1
1
1
1000
1000
1
1000
2
1
10
1000
10
1
1000
1
1000
1
1
1
1
1000
3
1000
1000
1000
1000
1
4
1000
1
1
1
1
1000
1000
1
1
1
1000
1000
1000
1
8
1000
33
1000
1000
1000
1000
1
1
425
71
1000
1
1000
1
1
1
10
10
1
41
1
1000
1000
10
1000
41
1000
1
1000
1
1
1
10
1
1
1
1
1
1
1
1000
1000
1000
1000
17
1
1000
1
1000
1
1000
1
1
1
1
1
1
1
1
1
1
1
1
1
2
1
1000
1000
2
1
14
1
1
1000
1
1
1
1
73
1
1000
1
1
15
1
1
1
24
1
1000
11
2
1
1
1
1000
1
27
1000
5
3
1
1000
1
59
1
227
1
1
1
1000
1
1000
1000
1
1000
1000
