1
1
1000
1000
1000
8
1
1000
1
1000
1000
1000
2
1
7
7
97
1
51
15
4
1
2
1
1
1
27
1000
1
1000
5
1000
8
16
10
15
1000
1000
1
1
211
1
13
8
1
1
4
1
1000
3
1000
1000
34
1000
1
1000
1000
49
2
21
1
17
35
330
5
273
1
4
19
111
1
1000
263
2
3
1
3
1000
1
3
918
73
14
8
1
244
1
1000
1
4
1
1000
173
1
1000
7
1
2
1000
2
1
1000
1
1000
1
3
1
1
1000
1
423
1000
61
1000
1
6
1000
4
3
1
1
1000
328
1
1
1
1000
1000
1000
1
10
20
1
1000
1000
1000
1000
1
7
661
73
1000
1
378
2
1
1
10
110
1
10
1
1000
1000
7
1000
13
1000
2
107
1
1
1
49
1
3
2
1
1
1
1
1000
1000
1000
1000
1
1
500
1
1000
1
1000
1
1
1
1
1
4
1
1
1
2
1
1
1
9
1
1000
1000
2
6
1
1
1
1000
1
8
1
7
6
1
1000
1
7
1
1
2
1
5
1
1000
6
1
1
2
1
1000
1
10
1000
1
1
2
120
1
2
1
60
1
1
2
126
1
1000
1000
1
453
1000
