1
2
1000
1000
1000
8
1
1000
1
86
1000
1000
1
1
1
10
13
1
19
29
8
1
1
1
3
2
24
353
1
1000
2
1000
10
8
2
77
1000
1000
1
1
211
1
3
3
6
1
8
4
1000
1
104
1000
4
1000
4
1000
1000
4
1
44
1
15
7
515
86
1000
1
2
34
38
1
1000
1000
1
8
1
1
1000
3
39
1
14
51
7
10
44
1
1000
1
1
1
1000
593
1
1000
8
1
8
1000
1
1
1000
1
1000
1
4
1
1
1000
5
1000
1000
1000
1000
1
12
1000
3
1
1
1
1000
349
1
1
1
1000
1000
1000
1
10
30
3
1000
1000
1000
1000
2
4
32
190
1000
1
1000
1
1
1
2
36
1
6
1
1000
1000
8
1000
8
1000
1
243
4
1
1
25
1
1
16
2
1
6
1
1000
1000
1000
1000
39
1
82
1
1000
1
1000
1
4
1
1
1
2
1
1
1
1
1
1
1
6
4
1000
1000
6
9
6
2
1
1000
1
2
1
2
5
1
1000
1
5
9
3
1
1
36
1
1000
2
1
1
1
1
1000
1
4
1000
8
1
3
240
1
2
1
226
1
1
1
32
1
1000
1000
1
1000
1000
