2
1
1000
1000
210
8
1
1000
2
1000
1000
1000
2
1
1
1
79
1
1000
47
12
1
1
1
1
1
256
1000
1
1000
1
1000
15
8
1
24
1000
1000
1
2
1000
1
3
2
1
1
38
1
1000
1
9
1000
21
1000
1
1000
1000
30
1
144
1
1
23
45
1000
1000
1
2
51
1000
1
1000
1000
2
334
1
3
1000
1
35
1000
10
1
2
7
1000
1
1000
1
2
1
1000
1000
1
1000
1
1
20
1000
51
1
1000
1
1000
1
3
1
1
1000
1
1000
1000
1000
1000
1
12
1000
1
3
1
1
1000
1000
1
1
1
1000
1000
1000
1
6
1000
9
1000
1000
1000
1000
1
1
590
100
1000
1
1000
1
1
1
5
2
1
17
1
1000
1000
22
1000
13
1000
2
1000
2
1
1
111
1
1
1
1
1
1
1
1000
1000
1000
1000
88
1
1000
1
1000
1
1000
1
1
2
1
1
2
1
1
1
1
1
1
1
2
1
1000
1000
4
1
28
1
1
1000
1
1
1
2
74
1
1000
1
1
16
1
1
1
27
1
1000
5
1
1
1
1
1000
1
11
1000
1
2
1
1000
1
9
1
10
1
1
1
1000
1
1000
1000
1
856
1000
