1
1
1000
1000
1000
17
1
1000
1
1000
1000
1000
1
1
2
3
22
1
384
9
10
1
1
1
8
1
76
1000
1
1000
1
1000
16
78
1
7
1000
1000
1
1
1000
1
3
1
1
1
95
3
1000
1
248
1000
71
1000
1
1000
1000
28
1
128
1
1
105
88
1000
1000
1
1
11
1000
1
1000
1000
7
86
1
1
1000
1
172
41
2
2
1
6
1000
1
1000
1
1
1
1000
1000
1
1000
1
1
2
1000
8
1
1000
1
1000
1
1
1
1
1000
1
1000
1000
1000
1000
1
13
1000
2
3
1
1
1000
1000
1
1
1
1000
1000
1000
1
7
1000
8
1000
1000
1000
1000
1
1
481
90
1000
1
7
1
1
1
1
16
1
2
1
1000
1000
6
1000
31
1000
2
1000
1
1
1
46
1
1
2
1
1
1
1
1000
1000
1000
1000
122
1
1000
1
1000
1
1000
1
1
1
1
1
1
1
1
1
1
1
1
1
1
1
1000
1000
6
1
19
2
1
1000
1
1
1
1
20
1
1000
1
1
34
1
1
1
22
1
1000
45
4
1
1
1
1000
1
29
1000
2
1
1
1000
1
18
1
73
1
1
1
1000
1
1000
1000
1
1000
1000
