1
1
1000
1000
1000
4
1
1000
1
1000
1000
1000
1
2
1
2
42
1
541
4
1
1
1
1
1
1
27
1000
1
1000
3
1000
6
3
1
6
1000
1000
1
1
1000
1
4
2
1
1
3
1
1000
1
397
799
32
1000
2
1000
1000
16
1
63
1
3
9
454
1000
1000
1
4
21
1000
1
1000
1000
3
96
1
1
1000
1
2
1000
2
1
3
3
1000
1
1000
1
1
1
1000
1000
1
1000
2
1
16
1000
20
1
1000
1
1000
1
1
1
1
1000
1
1000
1000
1000
1000
1
4
1000
1
1
1
2
1000
1000
1
1
1
1000
1000
1000
1
29
1000
10
1000
1000
1000
1000
1
2
159
848
1000
1
12
1
1
1
1
1000
1
3
1
396
1000
11
1000
11
1000
1
1000
7
1
1
251
1
1
2
1
1
1
1
1000
1000
1000
1000
52
1
1000
1
1000
1
1000
1
1
1
2
1
1
1
1
1
1
1
1
1
1
1
1000
1000
4
1
3
1
1
1000
1
4
1
1
19
1
1000
1
1
21
1
1
1
31
1
1000
2
2
1
1
1
1000
1
4
1000
1
1
3
1000
1
4
1
98
1
1
1
1000
1
1000
1000
1
1000
1000
