1
1
1000
1000
1000
11
1
1000
2
1000
1000
1000
2
2
4
15
28
1
70
1
5
1
4
1
5
1
10
1000
1
1000
1
1000
4
10
3
61
1000
1000
1
1
733
1
34
9
5
1
3
2
1000
2
183
1000
72
452
3
1000
1000
1
4
5
1
4
31
1000
68
259
1
4
30
3
1
1000
96
4
1
1
1
1000
2
39
1000
17
37
23
11
50
1
1000
1
2
1
76
939
1
1000
2
1
21
1000
1
1
1000
1
1000
1
4
1
1
1000
1
1000
1000
1000
1000
1
13
1000
2
9
1
1
1000
211
1
1
1
1000
1000
1000
1
4
53
2
1000
1000
1000
1000
4
1
41
425
1000
1
332
1
2
1
78
8
1
7
1
1000
1000
2
1000
18
1000
2
249
3
5
1
62
1
1
7
2
2
2
1
1000
1000
1000
1000
34
1
176
1
1000
1
1000
1
1
1
1
1
28
1
2
1
2
1
1
1
2
3
1000
1000
3
1
17
2
1
378
1
5
1
4
1
1
1000
1
1
2
1
1
2
5
1
1000
6
5
1
1
1
1000
1
3
1000
1
1
3
31
1
2
1
330
2
1
1
98
1
1000
1000
1
268
1000
