1
3
1000
1000
74
3
1
1000
1
1000
1000
1000
2
2
4
23
107
1
388
6
23
1
2
1
5
1
3
648
1
1000
1
18
10
14
4
6
1000
1000
1
1
729
1
5
6
2
1
10
1
1000
2
280
1000
45
1000
1
1000
1000
32
5
30
1
2
9
985
34
424
1
2
3
424
1
1000
320
2
12
1
8
1000
4
7
33
3
14
45
1
81
1
1000
1
1
2
578
1000
1
1000
2
1
15
1000
1
1
1000
1
1000
1
1
1
1
1000
1
1000
1000
1000
1000
1
4
1000
2
2
1
1
1000
11
1
1
1
1000
1000
1000
1
3
33
4
1000
1000
1000
1000
11
6
12
4
209
1
261
1
1
3
4
275
1
11
1
1000
1000
8
1000
1
1000
2
50
1
2
1
169
1
4
1
4
1
2
1
1000
1000
1000
1000
1
1
145
1
1000
1
1000
1
2
4
1
1
1
1
1
1
1
1
1
1
2
4
1000
1000
1
1
17
1
1
1000
1
4
1
3
3
1
1000
1
2
3
1
1
1
7
1
1000
1
4
1
1
1
1000
1
13
1000
3
1
3
11
1
15
1
54
1
2
1
5
1
1000
1000
1
1000
1000
