3
1
1000
1000
1000
1
1
1000
1
1000
1000
1000
1
1
2
1
1
1
481
45
5
1
1
1
11
1
30
1000
1
1000
2
1000
7
14
1
15
1000
1000
1
1
1000
1
27
2
1
1
4
1
1000
1
39
1000
96
1000
1
1000
1000
71
1
41
1
7
9
1000
1000
1000
1
2
54
1000
1
1000
1000
9
39
1
1
1000
1
58
1000
1
1
1
4
1000
1
1000
1
2
1
1000
1000
1
1000
2
1
3
1000
5
1
1000
1
1000
1
1
1
1
1000
1
1000
1000
1000
1000
1
15
1000
1
1
1
1
1000
1000
1
1
2
1000
1000
1000
1
15
1000
16
1000
1000
1000
1000
2
1
296
436
1000
1
1000
1
1
1
3
2
1
17
2
1000
1000
3
1000
8
1000
1
1000
1
1
1
42
1
1
1
2
1
1
1
1000
1000
1000
1000
49
1
1000
1
1000
1
1000
1
1
1
1
1
1
1
1
1
1
1
1
1
1
1
1000
1000
19
1
11
2
1
1000
1
1
1
1
79
1
1000
1
1
1
1
1
1
12
1
1000
12
2
1
1
1
1000
1
7
1000
1
1
1
1000
1
12
1
35
1
1
1
1000
1
1000
1000
1
1000
1000
