1
3
1000
1000
1000
1
1
1000
9
1000
1000
1000
1
1
4
20
22
1
25
1
4
1
1
1
2
1
1
532
1
1000
6
1000
6
4
5
32
1000
1000
2
1
217
1
2
2
13
1
28
1
1000
1
44
1000
3
845
3
1000
1000
14
4
2
1
2
22
618
8
267
1
2
48
1
1
1000
12
5
44
1
1
1000
1
18
1000
38
13
6
2
159
1
1000
1
4
2
266
1000
1
1000
8
1
2
1000
2
1
1000
1
1000
1
11
1
1
1000
3
1000
1000
1000
1000
1
2
1000
5
1
3
2
1000
80
1
1
2
1000
1000
1000
2
3
105
9
1000
1000
1000
1000
4
2
472
2
179
1
4
2
1
1
15
684
1
6
1
302
1000
7
1000
3
1000
1
5
1
3
1
95
1
1
6
5
4
2
1
1000
1000
1000
1000
22
1
99
1
1000
1
1000
1
6
1
1
1
7
6
2
1
1
1
1
1
4
1
1000
1000
6
3
30
1
1
1000
1
2
1
3
16
1
1000
1
2
7
1
1
1
10
1
1000
2
1
1
1
1
1000
1
2
1000
8
1
1
30
1
1
1
82
4
1
1
125
1
1000
1000
1
739
1000
