1
2
1000
1000
1000
13
1
1000
1
1000
1000
1000
1
1
1
28
32
1
17
7
11
1
1
1
1
1
37
1000
1
1000
1
5
8
8
6
17
1000
1000
1
2
448
1
4
1
1
1
2
1
1000
1
61
1000
48
1000
1
1000
1000
114
1
23
1
6
10
857
4
119
1
1
14
192
1
1000
374
2
17
1
1
1000
1
1
1000
36
2
6
17
133
1
1000
1
1
1
1000
1000
1
776
9
2
9
1000
8
1
1000
1
1000
1
8
1
1
1000
2
1000
1000
1000
1000
1
1
1000
1
1
1
1
972
156
1
1
1
1000
1000
1000
1
2
27
1
1000
1000
1000
1000
3
7
91
27
531
1
727
1
1
1
7
40
2
5
1
1000
1000
10
1000
8
1000
2
138
1
8
1
68
1
1
6
9
2
2
1
1000
1000
1000
1000
1
1
4
1
1000
1
1000
1
1
2
1
1
16
3
1
1
1
1
1
1
1
1
1000
1000
2
3
2
2
1
1000
1
28
1
2
1
1
1000
1
4
16
1
1
1
7
1
1000
12
2
1
1
1
1000
1
1
1000
2
1
1
28
1
11
2
86
1
2
1
41
1
1000
1000
1
805
1000
