1
1
1000
1000
1000
23
1
1000
1
1000
1000
1000
1
1
1
1
109
1
567
11
1
1
2
1
7
1
5
1000
1
1000
1
1000
4
10
1
6
1000
1000
1
1
1000
1
32
1
1
1
19
1
1000
2
963
1000
95
1000
1
1000
1000
40
1
1000
1
3
26
931
1000
1000
1
1
118
1000
1
1000
1000
8
154
1
2
1000
1
142
273
2
2
1
4
1000
1
1000
1
1
1
1000
1000
1
1000
1
1
7
1000
4
1
1000
1
1000
1
2
1
1
1000
1
1000
1000
1000
1000
1
7
1000
2
1
1
1
1000
1000
1
1
1
1000
1000
1000
1
1
1000
10
1000
1000
1000
1000
4
1
279
332
1000
1
1000
1
1
1
2
15
1
21
1
1000
1000
1
1000
9
1000
1
1000
4
1
1
32
1
1
2
4
1
1
1
1000
1000
1000
1000
60
1
1000
1
1000
1
1000
1
1
1
3
1
1
1
1
1
1
1
1
1
1
2
1000
1000
4
1
1
1
1
1000
1
1
1
1
161
1
1000
1
1
9
1
1
1
18
1
1000
14
1
1
1
1
1000
1
2
1000
1
2
1
2
1
13
1
41
1
1
1
1000
1
1000
1000
1
1000
1000
