1
1
1000
1000
1000
19
1
1000
1
1000
1000
1000
1
1
2
1
18
1
880
14
8
1
1
1
27
1
68
1000
1
1000
1
1000
24
16
2
34
1000
1000
1
1
1000
1
28
1
1
1
106
1
1000
1
56
1000
74
1000
1
1000
1000
44
4
1000
1
2
31
481
1000
1000
1
1
39
1000
1
1000
1000
17
2
1
1
1000
1
45
2
1
2
1
27
1000
1
1000
1
2
1
1000
1000
1
1000
1
1
16
1000
9
1
1000
1
1000
1
2
1
1
1000
1
1000
1000
1000
1000
1
14
1000
3
1
1
1
1000
1000
1
1
1
1000
1000
1000
1
20
1000
4
1000
1000
1000
1000
1
2
80
313
1000
1
337
1
1
1
3
1000
1
3
1
1000
1000
7
1000
7
1000
2
1000
1
1
1
13
1
1
1
1
1
1
1
1000
1000
1000
1000
51
1
1000
1
1000
1
1000
1
1
2
1
1
2
1
1
1
1
1
1
1
1
1
1000
1000
9
1
7
1
1
1000
1
3
1
2
13
1
1000
1
1
9
1
1
1
6
1
1000
22
1
1
1
1
1000
1
6
1000
1
1
1
1000
1
50
1
106
1
1
1
1000
1
1000
1000
1
1000
1000
